10
0 725 4991 9947 9553 6666 5416 5388 787 9652 
725 0 6634 9080 5268 4086 1725 1393 9181 1434 
4991 6634 0 4883 8566 8158 5979 2379 1233 5134 
9947 9080 4883 0 2501 1785 2231 1754 6419 7567 
9553 5268 8566 2501 0 9753 5948 970 3450 3200 
6666 4086 8158 1785 9753 0 4348 8073 9143 1941 
5416 1725 5979 2231 5948 4348 0 7576 46 8860 
5388 1393 2379 1754 970 8073 7576 0 8276 5341 
787 9181 1233 6419 3450 9143 46 8276 0 7420 
9652 1434 5134 7567 3200 1941 8860 5341 7420 0 
