10
0 5460 5078 8981 3438 6986 3999 5549 999 8098 
5460 0 2539 2498 8521 826 7123 4724 9478 319 
5078 2539 0 4562 1544 2529 3877 6458 6306 6641 
8981 2498 4562 0 893 6607 904 971 6389 1539 
3438 8521 1544 893 0 6506 4679 4703 3741 4913 
6986 826 2529 6607 6506 0 5695 6998 3943 6860 
3999 7123 3877 904 4679 5695 0 5123 5630 7953 
5549 4724 6458 971 4703 6998 5123 0 2096 7508 
999 9478 6306 6389 3741 3943 5630 2096 0 1702 
8098 319 6641 1539 4913 6860 7953 7508 1702 0 
