10
0 7740 6803 9655 7904 9881 7532 193 1640 6083 
7740 0 6049 9464 5172 839 1734 5556 762 6869 
6803 6049 0 2619 6348 1858 9390 7799 8894 7568 
9655 9464 2619 0 4314 4640 9799 9373 19 3321 
7904 5172 6348 4314 0 8692 1865 5436 4104 7123 
9881 839 1858 4640 8692 0 9463 17 976 7860 
7532 1734 9390 9799 1865 9463 0 1421 2267 7910 
193 5556 7799 9373 5436 17 1421 0 5 1538 
1640 762 8894 19 4104 976 2267 5 0 6280 
6083 6869 7568 3321 7123 7860 7910 1538 6280 0 
