100
0 1108 1838 7330 5313 3618 3840 7897 8754 4874 9171 8968 2674 5177 3728 5479 1782 7420 3179 9709 1218 9170 8275 5285 9379 5675 9301 4148 5457 3034 8131 5981 6365 7704 3277 3802 6328 9790 3378 3106 5389 1814 9897 7620 7582 5712 7843 7193 4334 7233 4496 7765 2200 2201 8812 9071 4034 1711 1226 6487 8700 4008 3004 8268 3090 6217 8674 6730 1021 6209 1051 9836 5485 5465 1102 5570 1914 7000 5785 3618 3112 6511 3141 5049 6547 635 8397 1206 9782 5833 4815 9823 3003 1730 4998 2827 396 3217 3720 3201 
1108 0 2155 6373 4245 3035 9230 9514 6803 799 5874 8782 8553 7289 7931 321 662 7170 2295 6923 6260 2836 2423 3562 1390 4528 4891 1332 1584 8841 3619 2185 3382 1826 9337 6005 7333 1302 4704 4913 9112 169 4194 9385 4638 875 4599 736 3708 9017 2023 655 1436 4847 5319 462 2247 5174 9381 9295 6559 8859 955 8266 4464 3638 5270 63 6840 8627 2230 3167 708 4821 7001 2324 1344 2408 1393 3388 9953 8615 1585 8437 1652 5940 2182 9296 89 737 1537 5739 3484 4641 9507 8388 4272 8641 6358 769 
1838 2155 0 4912 8148 6726 886 9333 6988 7936 2252 6029 7587 3280 1361 394 2877 4836 6347 5987 4713 5618 2018 8646 5517 3072 6087 4409 8813 6407 7895 9954 4974 7257 1369 1012 3076 1368 5666 1428 9956 2768 4256 7671 5747 1084 2514 4009 4506 2437 8236 5591 9457 131 5790 2424 8096 602 7010 3987 7040 6860 4734 8396 7987 14 2052 8252 3705 7786 3355 1206 8829 5606 8440 9691 9816 9970 4055 9942 438 5875 3336 9132 2217 9723 107 7149 923 1840 9857 7759 5916 1612 8643 7816 6097 2887 2139 3311 
7330 6373 4912 0 9096 4001 9136 5873 8550 2202 7863 67 3296 5712 4254 9682 9907 6182 6439 7867 2840 1007 2145 174 9903 2010 1589 5501 1463 1806 6767 8825 3611 2927 8291 6867 1442 573 5857 5062 9778 8538 2833 9527 6360 365 1091 564 6199 9329 6867 2637 3983 6439 432 3281 3047 2398 349 2099 8809 5252 6783 4493 8442 3031 5393 2428 8313 3205 7886 8143 9436 5742 5894 8248 7212 7354 3349 2861 9426 3011 6756 280 9920 9774 7737 3086 6131 8506 1492 4355 1997 7560 9610 1400 7488 7254 8076 4577 
5313 4245 8148 9096 0 6733 7259 4064 6510 2449 8450 4334 1841 1336 8141 2488 3901 2908 9674 9999 1621 3575 985 8901 9639 5816 3797 4253 3342 337 9127 1371 7598 8197 3929 6065 6123 9971 5207 1198 2166 6744 5808 4119 8228 9859 661 6552 1224 667 9371 2640 9716 7861 3130 5712 8852 1191 6579 7570 2084 9089 3983 542 6500 2395 3237 5923 3126 9199 8312 6601 2199 3575 3797 7895 780 3334 2933 2605 5749 4675 9049 2485 1694 82 1173 7287 8301 5687 5692 9614 7477 7353 2038 4311 7180 4462 2277 8978 
3618 3035 6726 4001 6733 0 6265 3452 6090 107 5515 8653 918 7600 3695 8114 3826 278 943 4118 9057 468 4875 4461 9317 1007 1500 1788 8837 1648 5588 7131 6993 4617 5817 7201 1773 3071 5055 2295 7234 2089 5779 8470 4320 6706 5585 626 2878 5836 9733 2604 7019 5317 2181 3227 4705 6788 4669 6685 5571 7890 5959 4716 6320 8175 4263 3104 9618 3076 1894 1010 9391 135 6616 8002 3046 164 2868 1170 7083 4673 8315 8280 3085 7277 7630 9541 663 6004 5453 5600 7057 4413 1802 960 6233 6649 3835 385 
3840 9230 886 9136 7259 6265 0 3388 8061 9343 9997 8246 2373 9194 3526 3092 6526 4759 5344 7495 4173 4973 7184 4382 2958 4137 6074 5138 2553 94 7995 3180 2499 4200 6736 8858 3204 7228 9876 7115 5018 175 2657 6969 2099 4040 9174 1817 3966 1026 476 231 9238 4263 4861 4101 2912 1384 6154 4404 7496 1998 2504 5609 1735 4379 3707 8983 7863 4519 4477 4744 1154 4906 2603 7207 1392 1539 5677 6105 7804 679 3320 53 5404 8576 8674 4441 5228 3066 5559 298 1667 8047 766 5122 1634 7163 5975 5619 
7897 9514 9333 5873 4064 3452 3388 0 4021 9956 6791 9783 1163 9937 4214 3793 593 632 137 972 5234 6554 2699 4035 9396 8370 1149 752 4245 305 605 4057 1361 6130 5884 5036 9333 3517 6911 3736 5687 8448 5195 5360 2387 8972 5164 3984 4933 6910 3389 5353 3431 5162 8740 382 1555 1621 9696 9617 2771 8572 683 8890 5284 4593 690 5248 7077 854 3197 1844 4146 9128 9042 664 6440 2679 1413 4795 3997 3383 9704 7918 7454 8804 7884 2016 2461 4295 6985 1898 8111 6179 7707 9328 4309 3912 1828 6037 
8754 6803 6988 8550 6510 6090 8061 4021 0 3215 1798 8578 3492 1438 8644 9108 5730 155 9826 5748 3301 7704 8405 1344 2957 4542 1889 8050 5170 5116 8665 8460 2896 922 1417 3317 9392 6563 3555 7276 118 7021 8536 492 695 7083 7895 2260 2312 2974 184 1235 3837 1904 9196 8141 6183 6740 5450 9957 8978 655 7831 4241 5655 6785 7716 8650 3538 1235 2573 2861 9228 262 8380 6984 9849 2573 391 1960 2670 9803 6916 2496 7525 4076 3319 2479 9058 9465 3759 8293 5892 5152 2622 8597 2358 5265 3544 7766 
4874 799 7936 2202 2449 107 9343 9956 3215 0 8858 7306 5444 827 6772 9132 245 6583 3534 9636 801 8193 6532 9707 5542 6163 7607 6759 5270 4725 9415 5532 1102 7521 3852 5487 5415 6373 9068 9482 9288 838 4371 5134 7668 4641 5738 9106 1308 1518 6591 650 726 9655 8401 2619 4678 8424 2708 5677 1473 9271 9001 2360 2070 6439 51 3590 6498 33 3899 2789 3365 7028 4530 3823 651 3212 5931 3008 1479 5956 5545 4313 7113 1249 3047 1748 3198 7133 4368 6771 5665 986 7726 4580 3211 7557 5157 3928 
9171 5874 2252 7863 8450 5515 9997 6791 1798 8858 0 1793 6364 3207 6423 4499 3295 149 5996 592 4674 7148 3562 4393 1071 9716 1022 7959 5069 2817 8429 2472 4928 3222 4050 9285 8151 5044 1151 9317 1065 4847 4562 6647 1686 789 2418 920 3706 3398 7568 2214 2335 5612 7658 7285 1368 1714 661 6783 7902 5595 3822 8423 5840 6105 1254 8352 3390 6567 9660 7483 7317 7773 7065 1771 7113 871 8522 9365 3849 6954 2582 8427 3847 7028 3912 8346 7580 6277 2059 9994 4426 5805 8287 4993 7036 1637 1937 3212 
8968 8782 6029 67 4334 8653 8246 9783 8578 7306 1793 0 6267 3866 8917 7577 205 7866 3396 3660 2038 4749 9774 472 9297 2569 4700 8918 470 9033 3999 6168 6640 9546 1594 1102 6202 2525 5689 9641 5000 1687 7818 4201 2072 5137 9445 6043 9574 562 9051 1979 6155 1696 9628 87 8285 5891 5967 475 5739 7125 3448 5250 5987 2165 4530 8569 758 8139 1779 6145 1279 5572 8873 7214 8016 6237 9006 2979 7256 3491 9932 8349 3843 1765 5694 1435 7395 3231 2600 4527 4108 136 3300 1541 9138 8395 7529 2569 
2674 8553 7587 3296 1841 918 2373 1163 3492 5444 6364 6267 0 1409 7001 5531 4720 6956 5911 5308 7673 2953 1139 227 7888 4288 6059 3423 4450 8410 5904 4364 2597 5032 406 789 95 4887 4404 8949 2693 101 5402 2134 9226 1624 1924 8297 955 1126 4922 3898 5456 7884 4479 5348 923 5534 7881 4152 8531 702 848 5443 864 1711 6560 570 6327 7991 5700 1239 7253 6553 8353 5788 7643 7477 4219 3578 4327 5762 734 293 9375 9316 6458 6874 4530 6655 1837 7357 8487 7894 7222 499 852 7587 7614 8606 
5177 7289 3280 5712 1336 7600 9194 9937 1438 827 3207 3866 1409 0 2604 1174 7340 684 8257 4569 4254 2344 620 884 8725 7073 5643 1583 1929 9380 6241 9833 7657 9909 3516 2775 8879 3504 1636 6936 3675 7089 4413 5835 1918 3852 3034 874 2216 6693 3974 92 7476 3752 3616 6834 8566 3353 9704 495 1738 1025 7029 9081 9526 5338 9231 8353 7384 55 70 7865 5584 5884 4032 9198 6101 6076 5403 3092 7981 4432 7524 2573 396 1581 4228 7328 225 6360 1694 7040 9324 5331 1725 3759 9919 7155 9179 8143 
3728 7931 1361 4254 8141 3695 3526 4214 8644 6772 6423 8917 7001 2604 0 4271 3359 633 8522 7840 4412 6526 127 4279 6623 1696 1474 1158 3911 300 9816 3075 6722 4831 5370 4258 6742 8728 7597 7595 9898 9482 4805 9456 7285 7262 4034 2647 4244 1883 7710 6847 4616 8700 8235 1164 9046 4036 3411 3126 8518 9133 3485 6501 2991 4333 5575 7974 2578 4050 8312 86 7462 7205 6348 4902 2692 2947 4585 5788 716 146 6253 720 1163 1780 9509 7047 323 864 533 6342 5431 9781 5073 9573 7825 9366 1686 8073 
5479 321 394 9682 2488 8114 3092 3793 9108 9132 4499 7577 5531 1174 4271 0 1939 6652 4295 4678 2152 933 632 5509 7557 1200 853 7705 7603 7629 9820 769 9618 7425 8785 3547 9086 9874 7288 9238 2790 1986 3969 5676 6982 3755 1525 5389 9168 604 3109 102 918 7725 5544 8707 5603 9345 4104 7541 6869 8680 5433 4217 9295 2742 9337 9862 1766 9214 7449 5728 7476 8036 7027 898 4779 95 7612 8842 4853 6709 8232 5033 4612 3785 5853 7324 6411 6031 8154 9694 9626 2912 2133 435 308 6121 8416 7025 
1782 662 2877 9907 3901 3826 6526 593 5730 245 3295 205 4720 7340 3359 1939 0 518 1947 6937 8862 2636 3463 6989 1701 2209 512 5566 4212 455 3752 792 1753 8547 8592 2346 4905 5000 1317 8730 7172 3248 9046 208 9458 8620 1125 9819 4206 5664 1657 3237 4904 1808 7159 4587 2206 5810 4528 9459 8889 207 1889 4876 5089 5795 2250 9020 580 8320 5502 1923 2399 8708 2601 3154 6634 233 9598 7457 4187 4476 7265 3918 4976 2959 1258 4343 1918 6779 3930 1553 7414 2548 106 4569 8203 6178 2469 8581 
7420 7170 4836 6182 2908 278 4759 632 155 6583 149 7866 6956 684 633 6652 518 0 4556 925 6401 2915 7525 9241 4522 7730 9033 1246 7804 2775 3102 5671 7278 2127 378 8450 4152 1697 5218 6246 2244 7918 2733 4237 3372 6421 6657 9074 9381 8641 407 4977 2246 9376 8275 9486 5742 3526 7253 8403 5448 4101 6250 3681 1855 1671 983 2392 9410 7198 9416 7576 3903 5493 6321 9822 8687 7213 8187 9558 5851 7863 5976 1072 4868 3295 703 6611 2169 5893 7515 8455 6535 1328 1113 6885 8456 6381 8926 1647 
3179 2295 6347 6439 9674 943 5344 137 9826 3534 5996 3396 5911 8257 8522 4295 1947 4556 0 1933 4416 8988 2365 113 9831 9647 840 5234 3145 3503 9080 5366 3814 9652 1797 292 4479 4796 2307 1263 8944 9467 6937 9736 9349 2602 7548 9955 5303 7206 5365 6478 8382 3656 6079 4350 876 2954 7126 6556 7301 6735 8245 7791 3605 6890 4616 165 897 6899 9376 1557 8713 2956 8008 7043 1451 1882 2691 1548 2745 6025 3535 4878 8645 1753 7698 3570 2706 610 137 7958 1194 1109 4808 4182 3645 5309 6595 3995 
9709 6923 5987 7867 9999 4118 7495 972 5748 9636 592 3660 5308 4569 7840 4678 6937 925 1933 0 4433 237 5715 3523 6044 9285 2758 8784 3878 9260 4543 1183 4595 50 8326 7963 9685 3092 9201 4448 4286 8303 4273 2766 3380 9146 27 1657 9996 6999 5826 1876 8922 1778 1942 7732 274 8396 6985 1915 9723 3893 9161 9960 7169 8311 2696 2810 7693 7214 9499 8702 3616 5488 9813 8214 5790 282 3271 3419 7453 1061 1098 5015 905 7795 1614 6521 273 3757 9282 1746 4861 1242 2251 1025 82 288 5785 7922 
1218 6260 4713 2840 1621 9057 4173 5234 3301 801 4674 2038 7673 4254 4412 2152 8862 6401 4416 4433 0 7082 3716 4965 8581 6779 7143 3075 5125 7194 2865 8179 2012 6799 9510 9005 1079 9665 7334 2192 2980 5611 6448 5574 9309 2489 3066 2291 8650 8926 2548 945 6738 1947 4549 3958 3890 1535 4098 9666 6357 8188 3855 1817 6264 8589 7091 7679 4125 7752 1583 6454 1212 954 4835 9537 3389 8488 7894 4938 8894 3552 567 2466 2145 8671 7005 9594 3806 5356 752 2728 6724 9675 1291 5174 3147 5001 3001 5167 
9170 2836 5618 1007 3575 468 4973 6554 7704 8193 7148 4749 2953 2344 6526 933 2636 2915 8988 237 7082 0 271 3341 8292 2500 4925 569 8062 5709 4189 7193 4778 9260 4875 8621 2006 7920 5856 3771 3129 6634 4185 9871 3481 7155 5432 2294 4797 5207 8648 3972 9316 5394 7162 3854 1760 5983 8222 6445 3736 3699 8347 1697 4542 8693 5368 8030 7126 5412 484 6697 7014 8864 6734 4112 8170 6045 4090 2621 6199 733 9303 818 8026 6100 3171 6895 8738 5757 9863 1150 9999 2597 4188 1757 3059 4670 186 1025 
8275 2423 2018 2145 985 4875 7184 2699 8405 6532 3562 9774 1139 620 127 632 3463 7525 2365 5715 3716 271 0 5868 752 7793 8410 8812 5511 4865 9713 5059 8507 9055 7765 105 1759 2908 2878 1989 9271 4686 5590 8259 7797 3872 6802 6121 807 1578 2720 6441 9783 4362 6069 988 4234 4253 7542 7688 8596 83 8876 1756 8975 7406 2698 5726 8154 5902 3798 7285 1281 9015 7005 8992 5952 2385 6628 3093 8839 381 4732 2030 249 7691 6175 3232 3351 3176 1689 8624 1008 5253 8518 8189 5745 1041 2042 5695 
5285 3562 8646 174 8901 4461 4382 4035 1344 9707 4393 472 227 884 4279 5509 6989 9241 113 3523 4965 3341 5868 0 2667 9262 4526 872 9076 3248 3760 4754 864 3500 5206 9460 1832 7784 5401 8329 394 8534 1091 2223 1108 988 9585 4710 7270 7836 4589 8971 360 4318 9506 1320 2445 5239 3195 7393 6981 423 2990 8600 4621 2785 3728 944 2932 5785 4935 927 1111 5602 7598 5637 6618 3813 6585 438 1117 2826 3289 1186 3114 1850 4207 827 5376 2647 2633 7291 5448 2150 1077 7159 9208 829 206 3000 
9379 1390 5517 9903 9639 9317 2958 9396 2957 5542 1071 9297 7888 8725 6623 7557 1701 4522 9831 6044 8581 8292 752 2667 0 8165 7460 563 1568 9806 6499 681 1526 8871 1762 4818 8735 3035 6880 17 2516 4406 922 8907 763 2336 9903 1000 7794 9901 6982 9410 8917 3432 4487 2730 6228 4029 3865 4471 5184 9519 1738 8002 751 3110 5923 6251 3907 8658 6778 8595 9098 2917 978 4104 3201 8259 4418 9002 3908 4905 172 8311 8858 9246 658 1008 8959 5230 2171 1359 2748 4487 2000 9693 6849 969 750 3480 
5675 4528 3072 2010 5816 1007 4137 8370 4542 6163 9716 2569 4288 7073 1696 1200 2209 7730 9647 9285 6779 2500 7793 9262 8165 0 6669 6432 3064 3825 5342 3696 9525 4467 9307 706 660 9177 6165 2050 6375 1397 6588 3508 4972 4705 5771 2395 8536 1420 5706 7923 9797 1881 1306 7669 9743 6937 3749 9604 5824 1956 6933 3668 615 6064 2751 3126 2720 559 7283 2784 1363 1365 5243 1874 7898 232 8546 5825 1496 4196 6748 2483 1654 1885 2114 1590 7275 9226 2598 9195 7482 2572 3344 8977 6966 3078 9597 487 
9301 4891 6087 1589 3797 1500 6074 1149 1889 7607 1022 4700 6059 5643 1474 853 512 9033 840 2758 7143 4925 8410 4526 7460 6669 0 2873 2671 7757 9419 9697 332 1978 9847 9590 592 4041 4674 6001 5703 6557 3 7276 483 4746 7489 1720 8370 8452 5344 5728 4994 7999 6714 2755 2944 6701 9106 7139 1821 3502 5810 9898 2143 7652 8405 1303 7304 9745 1302 4302 8474 5578 1511 4137 46 8449 1015 2406 4395 5352 3254 8595 3909 6474 2610 3348 5171 7219 7806 2591 5300 4891 2749 9466 2521 1019 9387 6516 
4148 1332 4409 5501 4253 1788 5138 752 8050 6759 7959 8918 3423 1583 1158 7705 5566 1246 5234 8784 3075 569 8812 872 563 6432 2873 0 2491 9116 5493 5991 9593 944 8398 724 993 4315 6733 3837 8830 6892 7601 4688 6203 1935 3185 3622 4726 8697 7233 770 6797 8413 9187 8292 518 6707 969 7751 1258 2479 4239 2001 205 2631 7355 5369 2821 3597 3032 6338 4647 857 2679 1690 6024 4220 868 6656 6564 8573 3123 6725 7979 4409 9388 7679 3106 3179 1724 2730 3329 939 4989 3734 7462 1260 9088 5554 
5457 1584 8813 1463 3342 8837 2553 4245 5170 5270 5069 470 4450 1929 3911 7603 4212 7804 3145 3878 5125 8062 5511 9076 1568 3064 2671 2491 0 2379 4268 6867 6009 5319 1253 4003 6248 151 8160 8921 4878 2531 6625 3878 8083 6136 4712 6653 9491 1228 2249 2981 9453 4225 3806 6397 9010 3881 583 7893 7978 899 6686 8303 8264 8165 2433 4008 4688 5524 6953 6974 3015 1747 1245 2275 4144 3357 995 3489 3852 5124 8427 882 4191 9172 2047 680 5085 2102 8261 84 4361 9882 4838 9493 2104 2812 7534 1673 
3034 8841 6407 1806 337 1648 94 305 5116 4725 2817 9033 8410 9380 300 7629 455 2775 3503 9260 7194 5709 4865 3248 9806 3825 7757 9116 2379 0 3314 9848 6573 9826 2250 5903 379 1351 984 3067 1681 3815 1867 8222 6438 7731 4037 5505 6176 3097 975 9352 5407 2555 9593 1358 6405 4317 4119 4168 9945 6840 3478 6699 8274 2725 3832 7159 63 9353 6854 6438 9709 6037 85 4230 7541 4192 2343 2494 1081 1413 9610 7796 6988 9227 6507 1176 8479 1138 4592 5113 7989 9978 5575 4304 1868 7118 2330 5894 
8131 3619 7895 6767 9127 5588 7995 605 8665 9415 8429 3999 5904 6241 9816 9820 3752 3102 9080 4543 2865 4189 9713 3760 6499 5342 9419 5493 4268 3314 0 3473 8993 3473 951 4916 3949 5368 7164 7010 8409 6226 6569 4880 9447 2198 6076 6016 7386 5828 6731 1812 5101 6864 4451 1499 5569 5505 2226 1085 9590 3480 7017 9431 4768 6466 9836 4539 5947 8236 3235 6840 2317 6872 2168 9131 4431 438 2428 8735 2435 5002 5351 5432 6292 2657 4389 807 2599 4204 6862 3157 5819 6461 7537 1728 5842 3281 5988 6218 
5981 2185 9954 8825 1371 7131 3180 4057 8460 5532 2472 6168 4364 9833 3075 769 792 5671 5366 1183 8179 7193 5059 4754 681 3696 9697 5991 6867 9848 3473 0 4186 9922 6305 4980 5119 8789 9098 3698 4117 4029 6207 2564 3490 483 2241 7206 7726 4476 5923 6289 6968 3175 3892 9773 5699 3400 6160 9474 3731 6202 6801 4963 5277 6548 148 3204 4018 9449 2355 7452 8720 9872 5555 7168 5873 9226 3541 139 4444 8989 4306 7175 6388 5361 6812 3752 2311 2777 1491 6393 3489 6368 4362 8463 8469 6359 3859 9541 
6365 3382 4974 3611 7598 6993 2499 1361 2896 1102 4928 6640 2597 7657 6722 9618 1753 7278 3814 4595 2012 4778 8507 864 1526 9525 332 9593 6009 6573 8993 4186 0 5187 3698 6967 2820 9288 9683 1527 7693 5949 6178 7968 2176 3589 3149 9154 9163 1112 406 2986 7822 4936 3910 2476 7270 1906 491 1246 8907 8349 2267 7161 208 3857 1635 4010 5169 6008 5801 2655 5910 2945 2593 9786 1500 7835 7514 3726 6844 1452 700 5897 939 6630 2503 8304 2758 6278 1807 6048 5312 4340 1018 8649 2035 1813 977 4950 
7704 1826 7257 2927 8197 4617 4200 6130 922 7521 3222 9546 5032 9909 4831 7425 8547 2127 9652 50 6799 9260 9055 3500 8871 4467 1978 944 5319 9826 3473 9922 5187 0 6405 9622 3676 9295 2564 8679 4972 7495 6698 4966 3487 2020 9232 6153 5621 9269 251 6056 1534 5735 4527 5129 7279 3649 8690 7483 8920 3080 7064 9786 7751 7499 9667 268 2118 4729 8384 3485 7516 6803 4112 685 6792 883 9612 1155 1856 589 6449 5387 1367 7890 2263 2512 3720 443 3895 8462 7340 1346 9891 2457 9620 1084 5466 682 
3277 9337 1369 8291 3929 5817 6736 5884 1417 3852 4050 1594 406 3516 5370 8785 8592 378 1797 8326 9510 4875 7765 5206 1762 9307 9847 8398 1253 2250 951 6305 3698 6405 0 2972 2069 2486 8127 6306 4836 7094 7509 8521 3059 1085 3960 9582 1409 2032 8035 2394 502 9754 128 9977 8408 8347 5648 8853 5427 9234 7935 7129 1283 8879 6317 6457 6692 7461 9748 8063 2931 5898 8866 5369 7869 6374 5478 5285 5175 3161 7139 7698 213 4315 6831 2802 2355 5647 2644 3086 8875 1972 6974 9043 5710 5128 1231 6363 
3802 6005 1012 6867 6065 7201 8858 5036 3317 5487 9285 1102 789 2775 4258 3547 2346 8450 292 7963 9005 8621 105 9460 4818 706 9590 724 4003 5903 4916 4980 6967 9622 2972 0 5580 6764 3636 9218 1025 3618 2704 4062 5709 3975 2358 7750 1916 7620 3826 135 6374 6686 2100 9297 3829 4572 4372 1153 923 2902 5415 8158 9056 9080 877 7121 2908 821 6827 8438 7224 5401 750 8145 2902 5367 2278 9870 5731 1819 7744 7058 2436 3773 724 5078 7713 2904 2869 5855 7482 9663 708 6603 3821 3538 9952 6453 
6328 7333 3076 1442 6123 1773 3204 9333 9392 5415 8151 6202 95 8879 6742 9086 4905 4152 4479 9685 1079 2006 1759 1832 8735 660 592 993 6248 379 3949 5119 2820 3676 2069 5580 0 8574 639 8338 8692 6998 9534 6017 2717 9624 9753 6902 7629 7252 3100 1584 3049 3525 6011 5217 7900 3169 1337 5954 6303 9199 1724 7813 1937 4264 3783 9351 5518 8886 7333 2757 4496 4722 3900 3162 8069 8706 8426 7672 5370 962 1968 8411 7906 907 3578 8851 3009 1922 2256 5341 8301 4586 3621 6243 2667 6822 2302 9767 
9790 1302 1368 573 9971 3071 7228 3517 6563 6373 5044 2525 4887 3504 8728 9874 5000 1697 4796 3092 9665 7920 2908 7784 3035 9177 4041 4315 151 1351 5368 8789 9288 9295 2486 6764 8574 0 1931 3698 4251 3621 8250 1605 8997 7783 7016 5690 7351 2301 6231 434 123 4757 1580 6431 1098 2716 4608 8763 8242 168 1584 6120 8556 1153 6098 4031 6189 6022 2466 4549 3752 7328 2604 9195 1011 894 5852 4986 8819 9422 3275 5595 7631 5470 4998 8108 9294 9978 5099 8399 4681 2761 512 8611 8003 5657 8182 4382 
3378 4704 5666 5857 5207 5055 9876 6911 3555 9068 1151 5689 4404 1636 7597 7288 1317 5218 2307 9201 7334 5856 2878 5401 6880 6165 4674 6733 8160 984 7164 9098 9683 2564 8127 3636 639 1931 0 2779 8969 4169 8029 9859 8503 6724 9759 4596 6681 8293 2865 1780 5425 9136 1431 189 1276 5959 6985 9260 3451 886 1811 3432 1056 5364 7929 6453 1007 184 5219 8178 3795 316 9252 6323 3807 2723 6441 4389 3851 706 8690 8241 2997 8431 5928 129 1113 6410 8789 2899 6316 6085 443 9855 9220 6172 8684 8827 
3106 4913 1428 5062 1198 2295 7115 3736 7276 9482 9317 9641 8949 6936 7595 9238 8730 6246 1263 4448 2192 3771 1989 8329 17 2050 6001 3837 8921 3067 7010 3698 1527 8679 6306 9218 8338 3698 2779 0 9733 9243 9445 5651 5048 7894 4603 4772 4541 9232 7057 7833 7055 1701 7736 3534 478 9798 6874 556 6185 9833 4520 257 8683 1441 4894 141 3132 7812 3684 9783 9534 9103 5193 7277 5158 7450 5331 1950 8708 3763 4292 8191 9405 5376 8152 4397 1502 3636 382 8568 5229 1038 5605 6113 1204 3032 7489 2054 
5389 9112 9956 9778 2166 7234 5018 5687 118 9288 1065 5000 2693 3675 9898 2790 7172 2244 8944 4286 2980 3129 9271 394 2516 6375 5703 8830 4878 1681 8409 4117 7693 4972 4836 1025 8692 4251 8969 9733 0 3104 3757 4844 2461 8773 9930 7861 5348 7935 9739 4496 9117 3116 8691 4827 1860 5316 2206 2021 3001 2339 571 1877 8677 3824 8911 4990 3633 4824 1397 4716 3522 4881 9081 9670 1134 5070 25 3176 4912 8143 8110 2150 4931 2794 7237 9459 7282 3158 5826 6664 9649 9182 4454 4756 1091 1004 3357 515 
1814 169 2768 8538 6744 2089 175 8448 7021 838 4847 1687 101 7089 9482 1986 3248 7918 9467 8303 5611 6634 4686 8534 4406 1397 6557 6892 2531 3815 6226 4029 5949 7495 7094 3618 6998 3621 4169 9243 3104 0 6298 8424 2793 9114 6762 7697 1246 4068 7690 1378 1990 4767 3241 3352 8629 4521 7609 2102 5214 6655 617 671 6130 1377 265 3879 284 425 5680 2730 4785 1819 7335 7459 3645 3982 4189 4698 963 8879 7734 9231 9931 8836 7923 4794 5714 985 9657 5242 9230 5308 7421 4965 8483 7564 6358 9609 
9897 4194 4256 2833 5808 5779 2657 5195 8536 4371 4562 7818 5402 4413 4805 3969 9046 2733 6937 4273 6448 4185 5590 1091 922 6588 3 7601 6625 1867 6569 6207 6178 6698 7509 2704 9534 8250 8029 9445 3757 6298 0 3195 6188 4129 4738 5985 8994 8519 565 8392 9456 3391 1109 538 5122 5317 9966 8640 1752 3393 8483 5897 4182 658 1122 5659 2940 5214 2380 7892 5238 4996 6165 1639 328 3891 5464 8528 9059 7414 4011 3404 9966 5295 4648 7905 5419 9857 6169 8292 2105 8172 9133 5544 2643 989 2265 2518 
7620 9385 7671 9527 4119 8470 6969 5360 492 5134 6647 4201 2134 5835 9456 5676 208 4237 9736 2766 5574 9871 8259 2223 8907 3508 7276 4688 3878 8222 4880 2564 7968 4966 8521 4062 6017 1605 9859 5651 4844 8424 3195 0 7737 2373 4651 3463 1541 3457 1535 7931 9639 8303 2933 3495 6154 8733 3928 1681 2110 9019 9767 7086 622 430 7602 5619 1744 9421 4345 3636 2146 4235 4825 2447 1372 8981 9594 7351 6041 754 322 528 2051 8075 929 5047 1615 4626 7244 3798 6954 6438 1797 5226 5512 36 9100 4015 
7582 4638 5747 6360 8228 4320 2099 2387 695 7668 1686 2072 9226 1918 7285 6982 9458 3372 9349 3380 9309 3481 7797 1108 763 4972 483 6203 8083 6438 9447 3490 2176 3487 3059 5709 2717 8997 8503 5048 2461 2793 6188 7737 0 4983 6942 2655 5193 3176 1454 4476 7251 148 881 4449 57 7071 5102 6324 8711 484 9128 6271 6803 1010 8496 5868 5900 6722 8360 2966 6094 26 473 5700 8954 3664 4049 4814 3796 2753 2326 3832 4830 2003 1880 9408 8055 8831 6288 5820 4179 7345 8363 3986 1134 114 309 4690 
5712 875 1084 365 9859 6706 4040 8972 7083 4641 789 5137 1624 3852 7262 3755 8620 6421 2602 9146 2489 7155 3872 988 2336 4705 4746 1935 6136 7731 2198 483 3589 2020 1085 3975 9624 7783 6724 7894 8773 9114 4129 2373 4983 0 9221 6166 9254 7834 5689 7916 3897 2713 3729 7257 3029 705 9733 4464 2645 9887 8915 9159 7494 5489 7658 4197 6138 1300 1778 9924 5813 4780 9621 8961 6440 1968 5869 708 817 5264 3123 1557 8850 7085 2220 6201 9895 1198 4296 6019 4984 3413 8469 6810 3596 5647 2249 5406 
7843 4599 2514 1091 661 5585 9174 5164 7895 5738 2418 9445 1924 3034 4034 1525 1125 6657 7548 27 3066 5432 6802 9585 9903 5771 7489 3185 4712 4037 6076 2241 3149 9232 3960 2358 9753 7016 9759 4603 9930 6762 4738 4651 6942 9221 0 9286 3975 4272 7860 5246 2757 6173 6303 7536 4134 8707 5287 4702 4635 4704 6313 3023 2636 4035 9739 2482 5270 4315 2853 7698 4737 4196 8413 4389 9572 1325 2644 8805 9142 1360 991 9184 3869 8171 9658 3903 3530 7813 4311 9118 1017 2740 887 1266 9287 381 8469 9696 
7193 736 4009 564 6552 626 1817 3984 2260 9106 920 6043 8297 874 2647 5389 9819 9074 9955 1657 2291 2294 6121 4710 1000 2395 1720 3622 6653 5505 6016 7206 9154 6153 9582 7750 6902 5690 4596 4772 7861 7697 5985 3463 2655 6166 9286 0 6140 9668 8537 5229 1993 8099 8620 1817 6736 8827 5241 8193 3408 9343 7474 2819 8348 2786 5674 5161 3846 7793 7616 8896 6427 8223 3535 3477 685 6101 9702 7612 1925 5101 7150 1938 579 541 843 8282 3901 8449 3069 4311 5544 1184 7135 9935 6058 4707 2098 7541 
4334 3708 4506 6199 1224 2878 3966 4933 2312 1308 3706 9574 955 2216 4244 9168 4206 9381 5303 9996 8650 4797 807 7270 7794 8536 8370 4726 9491 6176 7386 7726 9163 5621 1409 1916 7629 7351 6681 4541 5348 1246 8994 1541 5193 9254 3975 6140 0 7775 3476 6839 7180 8584 8835 6740 5225 47 31 7102 6815 5445 6081 5819 9327 9468 4535 3816 95 4600 4243 9738 785 3029 1094 3418 4738 8970 2626 6159 6825 8589 5234 2489 2466 9513 986 7401 3068 5424 1490 662 7494 947 4491 4090 7091 2843 8318 1352 
7233 9017 2437 9329 667 5836 1026 6910 2974 1518 3398 562 1126 6693 1883 604 5664 8641 7206 6999 8926 5207 1578 7836 9901 1420 8452 8697 1228 3097 5828 4476 1112 9269 2032 7620 7252 2301 8293 9232 7935 4068 8519 3457 3176 7834 4272 9668 7775 0 4968 116 7087 7299 1559 4210 3787 8056 8464 8633 3214 981 1123 7462 4010 9830 3554 4824 9576 4810 9346 6391 8615 2189 1143 7475 6601 3703 8021 701 3941 3449 5371 5678 6927 2142 3652 8206 3578 7 740 6647 4647 1838 2682 8415 2964 652 5314 7657 
4496 2023 8236 6867 9371 9733 476 3389 184 6591 7568 9051 4922 3974 7710 3109 1657 407 5365 5826 2548 8648 2720 4589 6982 5706 5344 7233 2249 975 6731 5923 406 251 8035 3826 3100 6231 2865 7057 9739 7690 565 1535 1454 5689 7860 8537 3476 4968 0 8377 359 9691 324 9098 2310 4032 1258 6526 4138 4916 3358 9708 5684 1791 8378 9550 3068 9729 4014 3858 4022 4099 4421 6114 3760 8744 1952 7871 5602 652 1905 1004 423 3907 3923 2473 3279 9642 4293 6336 1240 8486 9043 9191 3531 3979 2541 7455 
7765 655 5591 2637 2640 2604 231 5353 1235 650 2214 1979 3898 92 6847 102 3237 4977 6478 1876 945 3972 6441 8971 9410 7923 5728 770 2981 9352 1812 6289 2986 6056 2394 135 1584 434 1780 7833 4496 1378 8392 7931 4476 7916 5246 5229 6839 116 8377 0 7222 2870 7637 709 813 1972 2991 7937 8829 1515 7836 2044 1210 9688 8806 5579 4923 3732 1662 8810 7478 4157 6728 6467 504 99 3226 7123 6586 8820 2339 5982 6593 6276 1450 690 178 1346 3128 2017 2466 8295 4146 5696 7906 4278 3917 1337 
2200 1436 9457 3983 9716 7019 9238 3431 3837 726 2335 6155 5456 7476 4616 918 4904 2246 8382 8922 6738 9316 9783 360 8917 9797 4994 6797 9453 5407 5101 6968 7822 1534 502 6374 3049 123 5425 7055 9117 1990 9456 9639 7251 3897 2757 1993 7180 7087 359 7222 0 444 9989 7515 5693 8326 5284 7223 9134 3842 590 5536 5667 7807 3081 1338 2965 2519 4568 2743 7666 2695 9851 96 3454 6084 8676 7043 7233 8851 5282 4360 2027 2776 1314 4665 5664 6412 5134 9155 9258 9450 9283 5169 4831 571 9567 9487 
2201 4847 131 6439 7861 5317 4263 5162 1904 9655 5612 1696 7884 3752 8700 7725 1808 9376 3656 1778 1947 5394 4362 4318 3432 1881 7999 8413 4225 2555 6864 3175 4936 5735 9754 6686 3525 4757 9136 1701 3116 4767 3391 8303 148 2713 6173 8099 8584 7299 9691 2870 444 0 3148 4795 7925 8586 8500 7778 1586 2502 1075 2221 6634 8322 8823 4278 7382 3380 1936 5092 7243 8645 7491 3252 6077 3580 1872 8491 6736 9264 7039 2168 2050 5020 613 3212 8874 1785 1620 2340 3592 3126 9900 4579 9112 5891 6652 9042 
8812 5319 5790 432 3130 2181 4861 8740 9196 8401 7658 9628 4479 3616 8235 5544 7159 8275 6079 1942 4549 7162 6069 9506 4487 1306 6714 9187 3806 9593 4451 3892 3910 4527 128 2100 6011 1580 1431 7736 8691 3241 1109 2933 881 3729 6303 8620 8835 1559 324 7637 9989 3148 0 7738 9591 3833 1767 1359 691 4196 2433 9189 2546 9353 7811 5494 8677 775 7456 5539 6792 3472 8072 799 7282 5098 2483 7250 3509 6116 67 6325 9446 2667 7674 9153 8425 4492 3348 6146 1636 8078 1900 3590 329 8176 7512 7108 
9071 462 2424 3281 5712 3227 4101 382 8141 2619 7285 87 5348 6834 1164 8707 4587 9486 4350 7732 3958 3854 988 1320 2730 7669 2755 8292 6397 1358 1499 9773 2476 5129 9977 9297 5217 6431 189 3534 4827 3352 538 3495 4449 7257 7536 1817 6740 4210 9098 709 7515 4795 7738 0 1103 6932 8616 478 511 9906 8564 4474 7089 5107 793 3564 3198 9111 6958 7196 220 8657 8616 7251 9321 5941 6391 1426 8985 8641 8365 4786 3684 731 8973 901 297 4138 502 2721 428 8326 4346 3429 8377 522 3032 1686 
4034 2247 8096 3047 8852 4705 2912 1555 6183 4678 1368 8285 923 8566 9046 5603 2206 5742 876 274 3890 1760 4234 2445 6228 9743 2944 518 9010 6405 5569 5699 7270 7279 8408 3829 7900 1098 1276 478 1860 8629 5122 6154 57 3029 4134 6736 5225 3787 2310 813 5693 7925 9591 1103 0 9901 1258 4778 8974 1429 8804 4942 3368 2615 5661 3834 3320 9984 3557 3083 8253 6925 421 3547 5694 8557 3253 3482 3385 967 2533 2993 3585 2778 685 1209 4073 6376 1761 3124 3794 883 8961 9339 2698 2226 8258 9245 
1711 5174 602 2398 1191 6788 1384 1621 6740 8424 1714 5891 5534 3353 4036 9345 5810 3526 2954 8396 1535 5983 4253 5239 4029 6937 6701 6707 3881 4317 5505 3400 1906 3649 8347 4572 3169 2716 5959 9798 5316 4521 5317 8733 7071 705 8707 8827 47 8056 4032 1972 8326 8586 3833 6932 9901 0 566 8938 9309 3056 8074 2482 3973 8164 8347 116 605 3127 9373 5135 2679 3117 2847 474 7872 7263 2539 6855 5535 7881 1873 2148 8281 2832 7005 9509 9526 9474 1981 9115 8531 499 2276 2611 3082 1075 6648 8078 
1226 9381 7010 349 6579 4669 6154 9696 5450 2708 661 5967 7881 9704 3411 4104 4528 7253 7126 6985 4098 8222 7542 3195 3865 3749 9106 969 583 4119 2226 6160 491 8690 5648 4372 1337 4608 6985 6874 2206 7609 9966 3928 5102 9733 5287 5241 31 8464 1258 2991 5284 8500 1767 8616 1258 566 0 3250 4099 6502 8875 6680 8330 9437 3045 4484 1128 9781 3494 8285 6905 4607 9627 5179 9460 3452 8205 40 2875 6444 9332 3371 7310 681 4557 234 3245 7365 7665 6712 7705 7617 7738 9909 8466 2902 2381 4634 
6487 9295 3987 2099 7570 6685 4404 9617 9957 5677 6783 475 4152 495 3126 7541 9459 8403 6556 1915 9666 6445 7688 7393 4471 9604 7139 7751 7893 4168 1085 9474 1246 7483 8853 1153 5954 8763 9260 556 2021 2102 8640 1681 6324 4464 4702 8193 7102 8633 6526 7937 7223 7778 1359 478 4778 8938 3250 0 7888 3558 2089 2314 7595 1322 7818 2217 5732 8728 5857 533 458 3412 3183 2776 5107 7891 1678 8166 1938 9430 1865 3040 4021 5744 7263 1339 9169 5300 8693 6773 5530 8607 8287 4504 9571 8948 7236 3076 
8700 6559 7040 8809 2084 5571 7496 2771 8978 1473 7902 5739 8531 1738 8518 6869 8889 5448 7301 9723 6357 3736 8596 6981 5184 5824 1821 1258 7978 9945 9590 3731 8907 8920 5427 923 6303 8242 3451 6185 3001 5214 1752 2110 8711 2645 4635 3408 6815 3214 4138 8829 9134 1586 691 511 8974 9309 4099 7888 0 17 8950 7532 4615 5727 5967 6232 4934 4942 911 734 37 9654 6727 5229 7829 1827 9693 1420 4165 6159 8072 2544 2056 9991 2225 251 9077 2180 688 3172 7759 2802 6150 362 6203 8094 5368 1076 
4008 8859 6860 5252 9089 7890 1998 8572 655 9271 5595 7125 702 1025 9133 8680 207 4101 6735 3893 8188 3699 83 423 9519 1956 3502 2479 899 6840 3480 6202 8349 3080 9234 2902 9199 168 886 9833 2339 6655 3393 9019 484 9887 4704 9343 5445 981 4916 1515 3842 2502 4196 9906 1429 3056 6502 3558 17 0 5502 1209 1371 449 4953 4320 7661 2165 3515 581 6473 1505 6197 2062 8899 5021 3167 6822 6027 7720 5438 7528 9027 9194 6021 7219 341 7927 6349 4629 2138 1838 5348 2562 7496 5872 1075 2239 
3004 955 4734 6783 3983 5959 2504 683 7831 9001 3822 3448 848 7029 3485 5433 1889 6250 8245 9161 3855 8347 8876 2990 1738 6933 5810 4239 6686 3478 7017 6801 2267 7064 7935 5415 1724 1584 1811 4520 571 617 8483 9767 9128 8915 6313 7474 6081 1123 3358 7836 590 1075 2433 8564 8804 8074 8875 2089 8950 5502 0 3980 5293 6185 1860 1224 4647 1347 6174 8436 9148 9508 6853 1636 4703 363 5238 6351 7520 7178 4251 198 9788 3576 9195 2917 9588 3462 1246 6988 3680 7784 9147 6745 7045 4324 8350 6093 
8268 8266 8396 4493 542 4716 5609 8890 4241 2360 8423 5250 5443 9081 6501 4217 4876 3681 7791 9960 1817 1697 1756 8600 8002 3668 9898 2001 8303 6699 9431 4963 7161 9786 7129 8158 7813 6120 3432 257 1877 671 5897 7086 6271 9159 3023 2819 5819 7462 9708 2044 5536 2221 9189 4474 4942 2482 6680 2314 7532 1209 3980 0 7258 6636 760 4728 2561 6826 5355 691 3384 9153 8107 9235 6979 50 5826 5117 8213 8774 5129 6530 2959 9476 5091 118 1804 1327 2222 4646 8075 4602 9099 1816 1301 6692 9725 3814 
3090 4464 7987 8442 6500 6320 1735 5284 5655 2070 5840 5987 864 9526 2991 9295 5089 1855 3605 7169 6264 4542 8975 4621 751 615 2143 205 8264 8274 4768 5277 208 7751 1283 9056 1937 8556 1056 8683 8677 6130 4182 622 6803 7494 2636 8348 9327 4010 5684 1210 5667 6634 2546 7089 3368 3973 8330 7595 4615 1371 5293 7258 0 1791 7705 3512 8422 861 5629 9250 4880 3071 1887 3868 9604 2524 7110 4847 8736 9089 4539 400 8953 2814 2802 5998 3891 9225 7393 994 9767 5516 809 3906 2420 7377 4237 1103 
6217 3638 14 3031 2395 8175 4379 4593 6785 6439 6105 2165 1711 5338 4333 2742 5795 1671 6890 8311 8589 8693 7406 2785 3110 6064 7652 2631 8165 2725 6466 6548 3857 7499 8879 9080 4264 1153 5364 1441 3824 1377 658 430 1010 5489 4035 2786 9468 9830 1791 9688 7807 8322 9353 5107 2615 8164 9437 1322 5727 449 6185 6636 1791 0 1337 2859 1621 5199 5932 3402 688 6471 2092 8972 2860 8298 5738 9460 9747 9570 1096 1273 4846 440 300 6087 9834 698 9972 9860 4735 5384 7924 7186 7459 1390 3567 562 
8674 5270 2052 5393 3237 4263 3707 690 7716 51 1254 4530 6560 9231 5575 9337 2250 983 4616 2696 7091 5368 2698 3728 5923 2751 8405 7355 2433 3832 9836 148 1635 9667 6317 877 3783 6098 7929 4894 8911 265 1122 7602 8496 7658 9739 5674 4535 3554 8378 8806 3081 8823 7811 793 5661 8347 3045 7818 5967 4953 1860 760 7705 1337 0 9566 9315 7418 1279 648 4725 2282 1561 4892 7750 5780 8549 2932 1683 1589 4889 4021 7942 8213 6589 8472 3532 6263 5589 9034 2739 5875 100 3208 2547 4223 526 5607 
6730 63 8252 2428 5923 3104 8983 5248 8650 3590 8352 8569 570 8353 7974 9862 9020 2392 165 2810 7679 8030 5726 944 6251 3126 1303 5369 4008 7159 4539 3204 4010 268 6457 7121 9351 4031 6453 141 4990 3879 5659 5619 5868 4197 2482 5161 3816 4824 9550 5579 1338 4278 5494 3564 3834 116 4484 2217 6232 4320 1224 4728 3512 2859 9566 0 7613 4481 1122 6257 9300 2079 7997 4293 1995 543 4749 7525 7883 7785 9311 1647 6805 2978 6326 8626 4609 8154 6367 2565 27 4061 6850 1219 2165 6981 5363 3003 
1021 6840 3705 8313 3126 9618 7863 7077 3538 6498 3390 758 6327 7384 2578 1766 580 9410 897 7693 4125 7126 8154 2932 3907 2720 7304 2821 4688 63 5947 4018 5169 2118 6692 2908 5518 6189 1007 3132 3633 284 2940 1744 5900 6138 5270 3846 95 9576 3068 4923 2965 7382 8677 3198 3320 605 1128 5732 4934 7661 4647 2561 8422 1621 9315 7613 0 5961 5023 8902 2925 1203 7126 4401 5937 1428 3862 2723 8741 3383 7070 1847 5191 9179 1628 4359 928 3516 1382 8165 1756 7898 5238 854 8181 5876 8118 9415 
6209 8627 7786 3205 9199 3076 4519 854 1235 33 6567 8139 7991 55 4050 9214 8320 7198 6899 7214 7752 5412 5902 5785 8658 559 9745 3597 5524 9353 8236 9449 6008 4729 7461 821 8886 6022 184 7812 4824 425 5214 9421 6722 1300 4315 7793 4600 4810 9729 3732 2519 3380 775 9111 9984 3127 9781 8728 4942 2165 1347 6826 861 5199 7418 4481 5961 0 2060 361 4897 2193 5915 1212 5111 2144 6743 7855 4039 9555 5361 7352 911 4458 7615 3549 2164 2786 8577 5285 9333 2063 6614 1641 7629 3042 5425 8144 
1051 2230 3355 7886 8312 1894 4477 3197 2573 3899 9660 1779 5700 70 8312 7449 5502 9416 9376 9499 1583 484 3798 4935 6778 7283 1302 3032 6953 6854 3235 2355 5801 8384 9748 6827 7333 2466 5219 3684 1397 5680 2380 4345 8360 1778 2853 7616 4243 9346 4014 1662 4568 1936 7456 6958 3557 9373 3494 5857 911 3515 6174 5355 5629 5932 1279 1122 5023 2060 0 2180 6928 8601 3916 8812 6815 1274 834 9327 6774 8625 6234 204 5571 9166 7934 6727 4828 7419 7701 1631 9755 1607 5032 6151 4826 2009 5142 2600 
9836 3167 1206 8143 6601 1010 4744 1844 2861 2789 7483 6145 1239 7865 86 5728 1923 7576 1557 8702 6454 6697 7285 927 8595 2784 4302 6338 6974 6438 6840 7452 2655 3485 8063 8438 2757 4549 8178 9783 4716 2730 7892 3636 2966 9924 7698 8896 9738 6391 3858 8810 2743 5092 5539 7196 3083 5135 8285 533 734 581 8436 691 9250 3402 648 6257 8902 361 2180 0 2502 885 2036 3101 761 6426 7656 1028 6664 4995 4930 5597 8430 6645 4315 574 4552 2985 5101 662 7742 5157 3312 2288 9184 8236 3729 3961 
5485 708 8829 9436 2199 9391 1154 4146 9228 3365 7317 1279 7253 5584 7462 7476 2399 3903 8713 3616 1212 7014 1281 1111 9098 1363 8474 4647 3015 9709 2317 8720 5910 7516 2931 7224 4496 3752 3795 9534 3522 4785 5238 2146 6094 5813 4737 6427 785 8615 4022 7478 7666 7243 6792 220 8253 2679 6905 458 37 6473 9148 3384 4880 688 4725 9300 2925 4897 6928 2502 0 1733 6056 6108 797 7299 9868 2800 6379 1578 370 7966 6571 5565 8965 1062 21 4540 2735 2287 5011 9873 9378 4294 700 946 9724 1538 
5465 4821 5606 5742 3575 135 4906 9128 262 7028 7773 5572 6553 5884 7205 8036 8708 5493 2956 5488 954 8864 9015 5602 2917 1365 5578 857 1747 6037 6872 9872 2945 6803 5898 5401 4722 7328 316 9103 4881 1819 4996 4235 26 4780 4196 8223 3029 2189 4099 4157 2695 8645 3472 8657 6925 3117 4607 3412 9654 1505 9508 9153 3071 6471 2282 2079 1203 2193 8601 885 1733 0 4085 6607 8268 8494 8353 8862 6725 6758 6400 9321 7811 5696 7168 797 8000 2039 567 7660 6509 5634 6064 5918 5784 6167 9977 9058 
1102 7001 8440 5894 3797 6616 2603 9042 8380 4530 7065 8873 8353 4032 6348 7027 2601 6321 8008 9813 4835 6734 7005 7598 978 5243 1511 2679 1245 85 2168 5555 2593 4112 8866 750 3900 2604 9252 5193 9081 7335 6165 4825 473 9621 8413 3535 1094 1143 4421 6728 9851 7491 8072 8616 421 2847 9627 3183 6727 6197 6853 8107 1887 2092 1561 7997 7126 5915 3916 2036 6056 4085 0 2132 394 1963 9608 6096 2786 8104 6061 9545 1213 3732 870 1621 9539 138 6224 9744 1685 1898 802 3923 4199 9627 1186 3298 
5570 2324 9691 8248 7895 8002 7207 664 6984 3823 1771 7214 5788 9198 4902 898 3154 9822 7043 8214 9537 4112 8992 5637 4104 1874 4137 1690 2275 4230 9131 7168 9786 685 5369 8145 3162 9195 6323 7277 9670 7459 1639 2447 5700 8961 4389 3477 3418 7475 6114 6467 96 3252 799 7251 3547 474 5179 2776 5229 2062 1636 9235 3868 8972 4892 4293 4401 1212 8812 3101 6108 6607 2132 0 2041 55 5279 5821 1868 9834 7814 9972 2698 1584 8158 1214 463 9613 2321 4718 6188 7484 409 9589 8537 6350 9460 9432 
1914 1344 9816 7212 780 3046 1392 6440 9849 651 7113 8016 7643 6101 2692 4779 6634 8687 1451 5790 3389 8170 5952 6618 3201 7898 46 6024 4144 7541 4431 5873 1500 6792 7869 2902 8069 1011 3807 5158 1134 3645 328 1372 8954 6440 9572 685 4738 6601 3760 504 3454 6077 7282 9321 5694 7872 9460 5107 7829 8899 4703 6979 9604 2860 7750 1995 5937 5111 6815 761 797 8268 394 2041 0 6439 13 7280 9774 9818 3206 8254 9746 5466 5703 2909 9473 471 5976 6418 2610 9333 7519 8448 1018 734 3660 9926 
7000 2408 9970 7354 3334 164 1539 2679 2573 3212 871 6237 7477 6076 2947 95 233 7213 1882 282 8488 6045 2385 3813 8259 232 8449 4220 3357 4192 438 9226 7835 883 6374 5367 8706 894 2723 7450 5070 3982 3891 8981 3664 1968 1325 6101 8970 3703 8744 99 6084 3580 5098 5941 8557 7263 3452 7891 1827 5021 363 50 2524 8298 5780 543 1428 2144 1274 6426 7299 8494 1963 55 6439 0 4999 1690 9739 5182 2151 5989 9680 4559 5490 9645 5660 4654 6212 5551 4382 8542 7614 8975 6513 2375 3305 3831 
5785 1393 4055 3349 2933 2868 5677 1413 391 5931 8522 9006 4219 5403 4585 7612 9598 8187 2691 3271 7894 4090 6628 6585 4418 8546 1015 868 995 2343 2428 3541 7514 9612 5478 2278 8426 5852 6441 5331 25 4189 5464 9594 4049 5869 2644 9702 2626 8021 1952 3226 8676 1872 2483 6391 3253 2539 8205 1678 9693 3167 5238 5826 7110 5738 8549 4749 3862 6743 834 7656 9868 8353 9608 5279 13 4999 0 9798 9309 4778 2111 4765 2259 5200 8792 4111 4051 610 5935 3763 475 4172 4342 6384 7815 2408 3639 3191 
3618 3388 9942 2861 2605 1170 6105 4795 1960 3008 9365 2979 3578 3092 5788 8842 7457 9558 1548 3419 4938 2621 3093 438 9002 5825 2406 6656 3489 2494 8735 139 3726 1155 5285 9870 7672 4986 4389 1950 3176 4698 8528 7351 4814 708 8805 7612 6159 701 7871 7123 7043 8491 7250 1426 3482 6855 40 8166 1420 6822 6351 5117 4847 9460 2932 7525 2723 7855 9327 1028 2800 8862 6096 5821 7280 1690 9798 0 9191 7720 8249 4542 3013 830 9879 976 858 4579 2677 2513 1758 1913 5589 1899 9158 1577 6361 5877 
3112 9953 438 9426 5749 7083 7804 3997 2670 1479 3849 7256 4327 7981 716 4853 4187 5851 2745 7453 8894 6199 8839 1117 3908 1496 4395 6564 3852 1081 2435 4444 6844 1856 5175 5731 5370 8819 3851 8708 4912 963 9059 6041 3796 817 9142 1925 6825 3941 5602 6586 7233 6736 3509 8985 3385 5535 2875 1938 4165 6027 7520 8213 8736 9747 1683 7883 8741 4039 6774 6664 6379 6725 2786 1868 9774 9739 9309 9191 0 5080 4638 4933 2603 1670 9008 9523 9996 7014 6252 6431 3606 6430 7561 583 7032 5690 2197 5842 
6511 8615 5875 3011 4675 4673 679 3383 9803 5956 6954 3491 5762 4432 146 6709 4476 7863 6025 1061 3552 733 381 2826 4905 4196 5352 8573 5124 1413 5002 8989 1452 589 3161 1819 962 9422 706 3763 8143 8879 7414 754 2753 5264 1360 5101 8589 3449 652 8820 8851 9264 6116 8641 967 7881 6444 9430 6159 7720 7178 8774 9089 9570 1589 7785 3383 9555 8625 4995 1578 6758 8104 9834 9818 5182 4778 7720 5080 0 9796 6236 7731 353 2141 2026 6156 5700 4938 4339 4716 9425 4690 3780 4893 1951 1035 6689 
