100
0 5072 9257 18 6660 1558 1880 1393 6599 5431 5323 3625 2420 9397 3772 2685 7067 8738 3297 2435 3531 6516 9633 6543 5548 7139 6456 2431 6895 7329 379 4704 8905 2867 2459 9318 5988 7429 1371 7058 5062 7307 7718 4024 124 8106 2946 7198 8534 257 101 7868 6269 5701 2695 8626 665 8287 8366 5488 109 3172 7159 9541 4156 1182 7791 1084 4091 497 8991 3644 1358 4494 1896 5214 1176 4476 1696 8531 9077 8900 8938 6997 5464 1315 578 5307 1038 7124 2437 5862 9173 3283 8118 6411 5198 5542 5501 4671 
5072 0 3718 2264 2256 9146 2589 7325 2931 4314 1026 55 5534 8197 6545 2351 921 3018 9904 3211 3774 3518 5195 1415 2471 7943 1455 3581 6215 7988 1252 19 4093 3612 5134 5986 785 8456 2122 6973 664 5182 6078 4600 4049 7999 7441 5490 2960 3937 5368 9663 8028 3450 8927 1570 4624 6719 6474 1258 5623 3027 753 9861 4607 8966 7215 6974 8818 8604 1140 1956 5574 487 5483 9771 7443 6923 2091 4319 1965 713 6829 1435 7790 4668 1694 4463 8866 5091 7050 6538 9471 5392 627 1552 2419 5971 9888 9848 
9257 3718 0 7292 2499 3489 794 2794 8623 400 7222 8812 6740 439 756 7744 2118 6318 1239 7540 9876 4637 3657 4207 3883 6187 8921 2072 3412 1195 2077 7233 7860 6496 1352 5857 623 9455 3313 2586 9303 962 843 3157 7667 1414 4198 1088 6460 4056 2170 7831 7891 7190 6428 1793 7272 4616 1095 6844 6680 4625 9369 902 5885 1581 9210 709 5042 3266 6041 6419 3316 918 6528 5838 4084 3930 8006 527 8348 2459 9007 5597 1167 6697 7287 363 9894 7460 5554 6562 5825 4959 2951 1600 9048 2245 9993 8417 
18 2264 7292 0 1261 4891 5876 2525 3269 1601 6893 4218 5224 8718 2301 6854 9736 566 9938 1167 1599 5341 3524 3085 6645 691 6732 3912 9527 5050 6467 6471 4465 4952 4992 1617 1623 5224 8229 4026 6338 9423 9255 6339 7779 138 1420 8384 669 7435 8299 7095 2967 2843 29 6498 1846 4677 6986 9293 4661 5540 296 9750 6639 9048 3740 2626 4667 7274 7108 597 5303 9198 5748 8702 1153 983 2677 1201 513 2668 3681 3288 3991 9126 7582 2399 6799 8094 5399 1662 4778 3432 1088 2283 4820 8469 2846 8811 
6660 2256 2499 1261 0 1116 8495 464 8076 969 5133 349 2515 397 9105 2321 2794 6531 843 9386 241 1884 369 9268 5921 5675 6492 2813 7281 6490 3605 5754 3066 873 1148 3262 4294 1759 2217 4578 2438 4968 1145 8884 3603 1567 3907 2181 1155 2986 7872 2749 7520 4568 9304 204 844 2172 1592 8400 2120 1495 1164 9755 5605 3989 7985 276 9843 4901 5839 8675 9139 5228 5022 9585 6332 825 2933 194 1874 6958 7664 8945 1008 183 3138 5670 9080 9804 388 1 6084 840 655 3234 7889 9074 3866 6382 
1558 9146 3489 4891 1116 0 9787 12 680 9054 9687 8788 4990 4360 6340 3079 9223 2787 7299 7307 5297 2854 7922 7603 9094 1038 4717 2707 8444 7905 802 581 1732 6233 6858 5504 8107 7651 1889 3694 9546 638 8277 4726 9780 2666 9776 2329 9636 8871 6091 8611 4469 3134 9659 1232 9797 512 3174 1634 6580 2835 3055 300 9161 684 643 1194 7713 8217 5273 4122 6354 5641 6986 9654 2442 6256 1501 7305 2875 1705 2239 2987 8076 6681 3978 6465 6909 337 5250 813 9034 1698 4600 1889 7108 6070 3159 8025 
1880 2589 794 5876 8495 9787 0 3846 7595 6840 8778 6056 335 3963 582 4871 1699 5372 722 234 9654 9815 83 4289 1296 9613 177 3912 5130 9533 8478 5948 7067 462 3167 3097 9724 7996 6121 3986 4596 6472 4870 8121 5103 690 7364 1087 9136 2556 1495 3480 3351 5758 9971 5657 960 1553 214 5482 3507 4936 7752 8248 6074 214 7597 7494 8546 6122 8123 8090 8871 4118 4590 679 9194 6639 4267 8127 8837 2513 9664 7768 9364 6510 7832 1667 1231 502 8105 7257 6476 4443 6234 3065 4253 7761 1022 8783 
1393 7325 2794 2525 464 12 3846 0 8938 3195 1843 5862 2783 7726 3932 4770 2389 420 1122 9841 7455 7219 4383 884 8843 4838 6166 2544 6257 7314 1936 2153 8489 9852 8123 3896 1198 4944 206 293 6145 6847 5191 937 2196 6881 5552 9082 822 4653 3230 4973 534 3647 989 101 5631 2398 3638 4445 29 1191 401 8341 1830 1057 2179 2630 524 1965 5804 608 6194 8455 1340 1794 2165 1677 9043 7221 466 5153 7816 2005 1077 5214 1528 7338 6500 3017 5003 2140 9553 8452 4256 9700 8029 6269 3197 2623 
6599 2931 8623 3269 8076 680 7595 8938 0 4437 181 3827 6003 8312 1898 8446 1572 8190 6610 5464 6375 9043 3924 6823 9401 6435 7816 2361 4955 4144 633 1421 8754 9254 9130 5545 7380 6219 8190 7554 1543 5803 6642 6312 6080 4537 3526 8604 7461 3016 9769 8617 3424 2750 9881 4797 3780 9781 6827 9610 6852 718 3134 5751 3811 2842 6484 7781 6393 2042 1497 1266 8943 3030 1415 7101 6916 5191 8634 3637 3083 5176 7452 9015 3901 7663 194 6885 9568 7053 2202 4023 4892 2049 2581 2802 6861 4806 4967 1754 
5431 4314 400 1601 969 9054 6840 3195 4437 0 4301 6961 8244 3249 2708 1448 1917 5429 2870 8010 9884 7046 4130 5940 4533 6977 3048 1214 1238 9332 537 3208 5171 9224 6977 5254 6991 3222 9541 4414 9342 2941 4114 4582 8051 7190 6583 9237 3981 9717 317 6765 9094 2011 9622 7511 8037 743 2943 4078 66 597 754 9119 3183 7711 8610 1845 4679 248 9795 4957 5056 3025 8838 7703 7395 9643 8184 574 8496 8873 6697 2326 8808 3218 8881 853 3721 5157 280 3343 4325 7238 2421 8605 9806 6471 2180 8437 
5323 1026 7222 6893 5133 9687 8778 1843 181 4301 0 3327 8937 5015 3539 1527 8517 7900 1566 8348 6070 806 9341 9165 2438 7896 482 1616 8693 4189 3500 9239 9067 3813 5839 9344 4879 7376 9245 1218 1453 7137 6088 8458 2161 4778 3676 8000 649 18 6569 8313 4645 5854 6611 2091 2695 7901 6013 4215 5710 1944 4333 6720 6329 3426 4 2366 5361 9932 7892 6019 130 2633 5226 259 8995 8470 4598 814 3853 1685 4637 6605 6092 3590 7009 4483 1430 8362 5460 3838 9727 7469 5358 6141 887 908 9943 5428 
3625 55 8812 4218 349 8788 6056 5862 3827 6961 3327 0 1198 9600 9151 1785 5187 7411 8478 4630 6439 3416 8706 6900 90 3016 7203 5544 4101 2149 8497 6720 3804 7319 5436 2954 5104 3800 4078 9891 2031 3975 6185 4951 1763 9156 5522 2270 7647 242 6184 4232 3425 4414 1599 7573 7624 1783 4938 6072 9069 462 1960 2057 6621 9395 7462 2391 4848 8970 3706 6002 1261 4878 7739 7485 4786 2799 458 4344 6226 7494 849 5454 7117 4356 759 6062 5694 5565 9798 7919 6630 2580 4760 6144 855 6022 40 5134 
2420 5534 6740 5224 2515 4990 335 2783 6003 8244 8937 1198 0 1421 3587 2515 7455 965 7390 4633 6565 1165 8277 1472 2487 7489 7391 8508 6639 3823 1221 4468 3896 4822 9202 2724 5508 9976 3489 9249 4483 2406 3660 9532 7969 6398 2428 2464 3046 9104 2663 7683 2328 4438 3684 6529 2207 7593 9850 9345 7087 9332 6316 5483 4672 9324 8713 6250 5600 4934 4221 2027 3848 9826 7890 4299 5850 6784 3792 4607 6312 70 940 5066 316 4210 9297 7613 6741 355 2793 8298 7871 9427 286 81 9628 6661 6223 3943 
9397 8197 439 8718 397 4360 3963 7726 8312 3249 5015 9600 1421 0 2552 571 1999 3821 1463 1415 6143 5755 1403 1575 6250 5968 1930 5608 5112 7476 5959 5980 6139 3114 6384 3605 4988 9732 7092 1802 8433 9019 6707 1406 2138 7841 7987 5319 3667 8909 1309 7421 3687 5190 5522 7015 3746 9346 3804 279 3894 4378 1187 1955 8660 1086 6913 6278 8955 6209 7648 6633 6022 3438 6922 8216 4807 9963 5049 2177 1825 8935 7130 8096 1528 2148 6891 7264 3570 8460 7672 2388 5847 659 892 5237 273 7970 7159 6478 
3772 6545 756 2301 9105 6340 582 3932 1898 2708 3539 9151 3587 2552 0 166 303 7649 881 1743 3928 5471 2114 35 6670 4953 5660 386 4186 8047 7684 1626 3409 5495 5350 1051 6406 6274 8269 2132 9098 2663 1819 8560 5516 3053 2727 1221 1782 5337 4201 4117 706 8824 8260 2904 9156 6122 1161 3411 7041 6377 9559 7739 9657 1257 1383 4504 5479 1781 440 1108 5337 6301 6164 8852 9813 294 1051 6535 818 1391 8977 6209 8821 248 1537 8337 8148 5334 5618 283 7813 3341 2945 4488 5547 4417 12 916 
2685 2351 7744 6854 2321 3079 4871 4770 8446 1448 1527 1785 2515 571 166 0 7691 1398 8624 8825 1827 6586 8140 7598 5089 9740 8168 9491 8755 8270 2643 9315 2471 8920 2789 71 6208 2982 44 3941 3241 311 2556 4667 6979 3153 1168 9175 9144 3544 6210 3968 3491 62 7605 138 7481 3402 5262 2071 6341 5228 6640 34 2070 7070 5916 8637 7728 6511 7795 6200 715 5043 428 5194 6017 7493 6900 4556 452 6940 6769 5492 1336 7998 9166 5262 4707 7163 326 2015 6885 2176 651 2816 870 7195 7759 9949 
7067 921 2118 9736 2794 9223 1699 2389 1572 1917 8517 5187 7455 1999 303 7691 0 1576 3128 9548 2278 8439 5903 4389 460 9244 4827 3557 555 3119 8855 1250 7535 7293 8869 7123 2638 5869 5296 7413 4288 8522 3356 1537 6176 3005 4639 9364 1313 6873 6678 5106 3731 3767 624 4753 1714 1669 5949 1721 4156 4813 2323 3873 5376 75 6688 7489 6485 7049 9426 4316 8925 8758 5472 2015 8908 9717 1073 9781 4990 4663 8420 2786 3192 3387 5403 8602 2123 187 8668 1215 2453 5253 5178 2106 7572 7773 3778 6891 
8738 3018 6318 566 6531 2787 5372 420 8190 5429 7900 7411 965 3821 7649 1398 1576 0 779 5910 3295 6835 6122 1022 2227 7526 8224 4375 7550 6398 2659 6237 8774 3132 36 7228 1970 6920 6687 2592 545 5917 5000 6152 799 9184 4685 4068 4087 9777 6607 115 1063 8171 1321 9154 2932 5599 3764 9180 5414 1709 8935 2977 5223 2388 3101 9156 5527 6652 6010 4186 9006 8691 3427 2016 3170 2582 3671 8441 4358 2741 6903 2432 788 5081 5660 7475 8742 9994 1312 1611 7956 8307 8171 4132 4253 3726 3345 2517 
3297 9904 1239 9938 843 7299 722 1122 6610 2870 1566 8478 7390 1463 881 8624 3128 779 0 3658 4969 7783 6873 2710 9311 8128 8646 6522 8764 950 1213 7439 1730 585 7005 3862 3511 6206 2839 8028 2322 1635 6980 4208 2211 9633 8239 7900 9928 7550 4723 4494 2880 7075 281 6617 542 429 1404 8526 5827 5779 3247 6641 1085 9291 9609 4742 6197 4388 3743 6730 1423 9445 2647 1318 2945 4230 6027 8300 7043 8384 5576 6052 1985 4877 4666 9653 9296 9880 8039 3586 3982 3488 4562 3683 6912 3097 2890 4686 
2435 3211 7540 1167 9386 7307 234 9841 5464 8010 8348 4630 4633 1415 1743 8825 9548 5910 3658 0 2843 2833 3603 8983 7373 7098 7383 88 1823 4851 4006 3517 224 496 7348 1864 5138 916 6316 6278 9984 9894 4413 4314 2650 1955 7260 2072 2179 6894 4593 7861 9682 4745 2457 3809 1847 5576 7951 5724 1844 2158 2310 979 8335 5361 4977 8646 9596 8308 5873 1982 3527 1531 6401 2405 4773 7316 7390 2683 9953 2471 496 9919 5189 7911 8129 3916 9476 664 2166 2243 6750 8603 6440 3590 5753 9113 1014 387 
3531 3774 9876 1599 241 5297 9654 7455 6375 9884 6070 6439 6565 6143 3928 1827 2278 3295 4969 2843 0 4311 892 5219 5013 4193 2816 8903 3802 5585 9777 127 7843 9537 2104 7349 9566 5220 6591 1574 3962 7117 6251 762 8796 4532 5351 9692 519 5684 9043 607 5542 4291 2989 2278 2844 5350 4892 7840 8673 2054 7182 5002 9180 7620 5304 8601 728 1400 4712 7374 6548 7639 3284 7669 3510 1757 5364 6282 3659 4594 6136 1418 4497 4284 3225 403 8259 8816 456 5629 4393 3295 4501 753 697 9284 9048 5710 
6516 3518 4637 5341 1884 2854 9815 7219 9043 7046 806 3416 1165 5755 5471 6586 8439 6835 7783 2833 4311 0 6407 3377 4685 5061 7397 4644 8146 3940 8112 769 7908 3348 3261 2496 8610 8655 4206 6299 552 2538 2587 2103 5202 4578 531 9082 338 4516 6743 6985 940 4725 4231 4602 7693 533 712 6443 4750 4641 9217 1996 4420 8273 236 2691 5769 3460 6300 1588 6342 5715 5620 1612 2446 5285 1269 6172 5158 1635 1406 3529 2616 6415 9563 3143 8727 9144 2738 6954 6170 838 4163 503 9101 1795 921 8798 
9633 5195 3657 3524 369 7922 83 4383 3924 4130 9341 8706 8277 1403 2114 8140 5903 6122 6873 3603 892 6407 0 5854 3320 2123 5859 3185 7119 453 6886 4160 3489 7271 1611 317 8797 9629 4078 1222 6256 7797 1274 1266 5569 7336 9908 3128 1389 1332 7088 6062 629 6746 8491 5777 3700 8314 5352 3842 4405 5241 175 8114 6374 2868 1514 4749 3079 2783 3599 6180 2155 7247 3340 7168 9728 2165 9540 4427 6367 2956 8851 373 4134 6034 418 3364 9 5789 230 5230 2516 1968 166 5509 9337 9534 3935 5780 
6543 1415 4207 3085 9268 7603 4289 884 6823 5940 9165 6900 1472 1575 35 7598 4389 1022 2710 8983 5219 3377 5854 0 2292 1642 4347 5912 4909 7994 9305 9269 6927 9556 1352 1815 9750 9675 2042 6492 8625 7087 5466 1448 8206 1381 2286 9391 4433 4971 6366 3706 7598 7631 6453 3567 1844 361 6043 1713 8034 1283 7131 6562 6287 4672 1321 2900 8407 1996 8182 1200 3194 7865 9748 5888 3969 7519 5829 406 6165 8372 4361 6221 2772 9738 1580 3203 4002 3396 9241 2137 6329 3693 38 6705 6719 4732 8596 781 
5548 2471 3883 6645 5921 9094 1296 8843 9401 4533 2438 90 2487 6250 6670 5089 460 2227 9311 7373 5013 4685 3320 2292 0 6076 2496 9139 8871 5166 2569 7521 4985 683 3213 4866 2901 9548 6945 1622 2001 5575 1046 4145 265 7202 2781 1909 4220 6684 6696 9442 8633 9152 7132 3552 3713 7016 8337 1794 4604 5392 9941 8114 9281 5648 7044 1932 2350 8223 6521 3952 5512 2567 7148 8226 4916 1008 4332 4522 6230 4887 4725 3634 7620 4819 580 8091 8697 446 9523 539 1529 7899 8090 7361 9474 8850 6119 6333 
7139 7943 6187 691 5675 1038 9613 4838 6435 6977 7896 3016 7489 5968 4953 9740 9244 7526 8128 7098 4193 5061 2123 1642 6076 0 6076 2605 2217 7478 2132 5570 6668 156 4352 5263 9405 5214 8462 7722 4393 746 1596 4033 3051 2967 5430 4386 2791 2739 1359 9364 8883 8420 1528 2983 1033 2177 9738 7513 7435 5655 89 6510 1472 2277 2505 7493 6322 4820 9580 3476 7848 3084 6467 8096 9287 5798 1143 2245 3033 7884 3842 9751 8415 3486 107 6350 9840 7388 4591 799 610 8348 1255 4862 5147 7569 683 846 
6456 1455 8921 6732 6492 4717 177 6166 7816 3048 482 7203 7391 1930 5660 8168 4827 8224 8646 7383 2816 7397 5859 4347 2496 6076 0 3352 8675 1476 7342 8248 1436 873 4248 9932 2415 3536 4067 2288 6387 2937 4108 999 1257 6662 547 604 7780 4046 3390 3055 7259 6887 8066 7879 4216 4376 3202 5431 9500 4216 5917 1450 2683 631 7361 9794 4928 4071 2756 9473 5736 5395 8289 3553 6754 2412 845 5879 8355 1014 8294 1872 9688 3097 8833 2437 1162 7030 6065 3549 4757 7103 1557 7433 2946 7181 583 9107 
2431 3581 2072 3912 2813 2707 3912 2544 2361 1214 1616 5544 8508 5608 386 9491 3557 4375 6522 88 8903 4644 3185 5912 9139 2605 3352 0 3494 7279 3402 7786 3837 2283 8550 8231 5307 9129 3181 426 2464 1055 6985 806 9548 6502 4752 5406 6691 2249 9906 4186 1494 1904 8788 3544 721 1510 4150 2482 7144 1662 6717 7424 4553 5410 2240 6942 4815 767 626 9214 1417 7797 8612 2608 8823 8152 3470 4704 4804 5699 571 4735 8485 2878 6994 8796 4194 5078 3878 6263 4850 2280 3733 960 1048 490 3321 4857 
6895 6215 3412 9527 7281 8444 5130 6257 4955 1238 8693 4101 6639 5112 4186 8755 555 7550 8764 1823 3802 8146 7119 4909 8871 2217 8675 3494 0 8352 4788 7254 2440 1487 7748 4501 9997 4682 8418 722 6085 56 7203 6247 4393 7741 810 276 3822 5641 7717 3381 6669 8754 6173 4106 553 3358 5789 2625 5909 5516 284 778 8030 7838 6127 6048 8623 8273 2485 5837 695 5352 3093 4866 830 5428 2008 9022 2459 3354 5082 2265 3906 2175 6116 2267 2848 8701 5720 5615 5957 1935 9185 5421 3925 5938 7647 6389 
7329 7988 1195 5050 6490 7905 9533 7314 4144 9332 4189 2149 3823 7476 8047 8270 3119 6398 950 4851 5585 3940 453 7994 5166 7478 1476 7279 8352 0 7570 9775 3356 9338 7633 8631 7311 3439 983 7730 2414 6307 5392 857 4598 6547 4983 3863 6070 5444 3215 8976 2597 8085 7110 8465 46 8504 426 1867 2207 8413 8669 4834 1375 2408 5030 8938 8424 3381 3277 1466 34 4890 3646 1778 6554 3974 6116 9863 1896 3781 4472 4582 9927 7646 2788 3611 455 1249 7494 8015 8510 9769 8927 9209 4409 8593 2655 4337 
379 1252 2077 6467 3605 802 8478 1936 633 537 3500 8497 1221 5959 7684 2643 8855 2659 1213 4006 9777 8112 6886 9305 2569 2132 7342 3402 4788 7570 0 7263 1513 854 4405 4598 4036 6493 7663 6532 2403 7993 9144 9910 1630 5880 5603 8097 30 1778 651 1571 6647 6252 5300 700 4236 8273 4353 4976 6150 8570 4348 1874 1312 8677 4533 736 4978 3109 4339 2816 1427 5665 1392 11 6775 804 8817 3182 4832 7815 6573 593 4504 9041 8918 8781 2740 8040 1933 8395 1648 3279 9174 5906 454 5441 1391 3808 
4704 19 7233 6471 5754 581 5948 2153 1421 3208 9239 6720 4468 5980 1626 9315 1250 6237 7439 3517 127 769 4160 9269 7521 5570 8248 7786 7254 9775 7263 0 7439 9690 693 3768 738 1879 3479 1995 7707 600 923 2471 3688 548 625 3196 8920 9843 1198 9369 6742 5887 6062 9355 2863 3337 4538 6901 2700 1620 9612 6964 2018 4167 4591 9814 6292 674 7583 4493 4499 917 2897 9677 150 7236 1855 9740 6265 5384 7595 1153 316 2750 4625 994 9368 5926 359 9026 6118 9672 5688 9347 2557 8709 610 3095 
8905 4093 7860 4465 3066 1732 7067 8489 8754 5171 9067 3804 3896 6139 3409 2471 7535 8774 1730 224 7843 7908 3489 6927 4985 6668 1436 3837 2440 3356 1513 7439 0 7872 9796 8881 7898 185 7083 4497 5680 6122 4131 9812 3802 4832 4655 3306 2580 4783 8912 9130 1302 9710 8237 4338 1823 6979 5378 6195 2403 9968 3668 2472 3300 8435 2569 6234 9958 6958 6757 1631 6777 8866 5335 942 9301 3708 5159 7010 5175 5941 8065 6512 694 4272 5114 4646 5835 4975 9472 6916 6091 7165 4448 2229 8593 7151 3435 4201 
2867 3612 6496 4952 873 6233 462 9852 9254 9224 3813 7319 4822 3114 5495 8920 7293 3132 585 496 9537 3348 7271 9556 683 156 873 2283 1487 9338 854 9690 7872 0 1164 4621 3716 7828 3013 6345 6790 7024 7424 8426 2829 8637 8023 80 49 7583 5514 9015 641 1630 4954 2714 1428 8322 4810 5514 1524 1357 8829 2123 457 3358 7781 1498 7512 6738 6434 3385 5561 6451 2849 6044 760 3389 3612 8862 8994 3254 3144 941 4749 7605 9461 605 8460 335 4590 8284 6078 2177 8528 9323 8287 3628 7947 6440 
2459 5134 1352 4992 1148 6858 3167 8123 9130 6977 5839 5436 9202 6384 5350 2789 8869 36 7005 7348 2104 3261 1611 1352 3213 4352 4248 8550 7748 7633 4405 693 9796 1164 0 9546 4430 1686 5791 8133 118 3296 6866 6684 6438 6945 727 4540 4587 4373 6457 8632 7629 6531 9722 6297 619 8982 9346 461 6532 6136 9066 1088 7183 6087 4543 9122 5076 1314 596 6225 638 3570 7246 8488 4698 4543 7053 4287 1839 6126 9339 1463 995 4371 3691 3523 7493 4971 1593 3560 4397 3490 5932 402 997 6740 5623 298 
9318 5986 5857 1617 3262 5504 3097 3896 5545 5254 9344 2954 2724 3605 1051 71 7123 7228 3862 1864 7349 2496 317 1815 4866 5263 9932 8231 4501 8631 4598 3768 8881 4621 9546 0 1914 1631 5781 2571 4243 4930 9002 3660 6688 6522 5936 8708 2335 1425 4581 4103 4070 7065 976 6799 5124 8546 4810 6855 8918 8961 8925 136 7085 9995 3404 8746 2532 1770 5176 6130 7945 2071 765 9016 1838 5200 710 1743 1692 793 4732 4536 4607 1616 9211 8161 2515 6298 5912 211 180 626 1701 9001 4055 4688 7750 1586 
5988 785 623 1623 4294 8107 9724 1198 7380 6991 4879 5104 5508 4988 6406 6208 2638 1970 3511 5138 9566 8610 8797 9750 2901 9405 2415 5307 9997 7311 4036 738 7898 3716 4430 1914 0 3039 150 1228 182 3136 3207 4669 1339 4454 4805 790 6327 5241 3635 1760 5160 3201 5071 9434 4070 4211 4880 9941 9252 935 5169 4900 1506 2996 9475 931 7148 265 7839 6374 3843 9753 2381 1164 6669 6234 3116 8767 7699 9496 9334 1815 8956 6864 5923 8940 2834 6950 8239 141 2212 792 85 4422 8510 7614 7663 9779 
7429 8456 9455 5224 1759 7651 7996 4944 6219 3222 7376 3800 9976 9732 6274 2982 5869 6920 6206 916 5220 8655 9629 9675 9548 5214 3536 9129 4682 3439 6493 1879 185 7828 1686 1631 3039 0 7376 2685 2728 446 2081 7964 5010 7450 9264 9627 654 9212 6541 4184 7265 7142 4323 2263 2000 2786 3882 3066 9955 209 7109 966 2541 278 6727 2179 8792 8428 5686 341 7598 4509 5931 2767 3994 17 6742 6512 9273 1099 7911 5652 2893 202 6557 7089 9231 2960 3935 2187 1263 5089 9285 1256 4449 6754 5105 6112 
1371 2122 3313 8229 2217 1889 6121 206 8190 9541 9245 4078 3489 7092 8269 44 5296 6687 2839 6316 6591 4206 4078 2042 6945 8462 4067 3181 8418 983 7663 3479 7083 3013 5791 5781 150 7376 0 3156 8758 1280 1556 3693 3285 5286 6131 2734 3728 9146 7725 823 3943 6536 2721 2927 4292 2229 556 7239 7089 5261 3692 2562 5782 4995 4300 8375 4720 9155 3517 391 4777 864 7332 4011 7410 5307 4719 5316 7879 1681 1900 8509 7990 4743 79 742 7439 1009 8180 4555 742 7535 3428 4400 3385 52 1581 8147 
7058 6973 2586 4026 4578 3694 3986 293 7554 4414 1218 9891 9249 1802 2132 3941 7413 2592 8028 6278 1574 6299 1222 6492 1622 7722 2288 426 722 7730 6532 1995 4497 6345 8133 2571 1228 2685 3156 0 9929 3665 2161 8078 8623 7544 9680 3869 9504 6751 8572 4026 728 9517 1772 8908 6277 357 4390 1347 7767 6226 4008 4434 8157 3662 4494 7216 2005 5706 9057 9521 7493 3770 4885 9956 7891 9250 1730 2553 186 6992 6515 8058 5496 7780 7876 9744 7879 8777 5138 768 9766 755 1666 8339 7678 5123 1366 5059 
5062 664 9303 6338 2438 9546 4596 6145 1543 9342 1453 2031 4483 8433 9098 3241 4288 545 2322 9984 3962 552 6256 8625 2001 4393 6387 2464 6085 2414 2403 7707 5680 6790 118 4243 182 2728 8758 9929 0 7758 8879 846 6901 6380 7768 3794 3890 7430 2476 6547 3025 165 7020 4864 4635 9568 8344 2609 8408 777 7137 3901 5656 4091 5986 6761 3710 4319 3572 5885 6984 156 7911 8624 3038 391 2846 79 6486 9196 4651 8935 8803 1147 3661 7010 6117 7134 1393 100 1154 8002 4647 9143 2101 3573 6619 1439 
7307 5182 962 9423 4968 638 6472 6847 5803 2941 7137 3975 2406 9019 2663 311 8522 5917 1635 9894 7117 2538 7797 7087 5575 746 2937 1055 56 6307 7993 600 6122 7024 3296 4930 3136 446 1280 3665 7758 0 2790 4364 3375 3391 560 6203 7626 1857 1568 6361 1967 5287 4527 4699 853 2390 7078 1725 6455 7082 7410 2219 4431 2427 7465 2080 9627 5152 1554 6762 2023 1084 8906 9628 1277 9853 8087 2980 1238 6077 7194 8357 906 949 3394 9214 9810 2966 3579 3245 3756 233 3048 5961 7127 6258 9929 2934 
7718 6078 843 9255 1145 8277 4870 5191 6642 4114 6088 6185 3660 6707 1819 2556 3356 5000 6980 4413 6251 2587 1274 5466 1046 1596 4108 6985 7203 5392 9144 923 4131 7424 6866 9002 3207 2081 1556 2161 8879 2790 0 7259 2362 1134 9715 8784 2627 1401 1238 8732 8042 2992 249 5692 6927 4569 7270 2830 6967 5458 8729 3629 8677 9864 1266 6243 9100 6936 3057 587 1941 5878 6345 5461 3046 5206 3642 8527 8610 4461 2242 1587 223 7021 7343 2875 8377 9932 4785 354 8081 903 1220 8442 5540 8858 6582 6223 
4024 4600 3157 6339 8884 4726 8121 937 6312 4582 8458 4951 9532 1406 8560 4667 1537 6152 4208 4314 762 2103 1266 1448 4145 4033 999 806 6247 857 9910 2471 9812 8426 6684 3660 4669 7964 3693 8078 846 4364 7259 0 3299 8596 3429 7790 4584 2520 3940 6300 4827 476 7515 6945 5851 6616 1711 5982 930 570 824 1272 9186 5703 7286 4799 3693 8111 878 1175 9042 4558 700 6450 349 6872 5304 4231 1116 5607 178 2850 2682 1393 598 6292 7516 3637 8270 7388 5996 2889 4347 1977 4584 7021 8211 593 
124 4049 7667 7779 3603 9780 5103 2196 6080 8051 2161 1763 7969 2138 5516 6979 6176 799 2211 2650 8796 5202 5569 8206 265 3051 1257 9548 4393 4598 1630 3688 3802 2829 6438 6688 1339 5010 3285 8623 6901 3375 2362 3299 0 4487 3246 471 4733 8568 4278 8346 1510 7314 2549 6775 6946 2808 8272 4173 7509 7985 1744 1062 3497 6241 7645 948 2009 3810 5910 5953 6777 8816 9927 9987 2459 2231 1544 1067 1899 2820 1282 62 8696 524 4946 2606 6812 2233 9766 4500 4152 6218 5015 151 2963 5516 8053 7931 
8106 7999 1414 138 1567 2666 690 6881 4537 7190 4778 9156 6398 7841 3053 3153 3005 9184 9633 1955 4532 4578 7336 1381 7202 2967 6662 6502 7741 6547 5880 548 4832 8637 6945 6522 4454 7450 5286 7544 6380 3391 1134 8596 4487 0 562 9473 1871 402 4125 9014 6472 88 4754 6662 5206 824 6738 9997 4882 5862 6276 7897 1145 4074 4669 8190 7488 8684 9261 6383 1004 1791 2379 5374 8028 1868 1179 2157 6132 3169 7664 3765 9739 7879 3590 1914 9077 6876 8893 1606 3451 1948 1796 6893 8957 9289 4239 584 
2946 7441 4198 1420 3907 9776 7364 5552 3526 6583 3676 5522 2428 7987 2727 1168 4639 4685 8239 7260 5351 531 9908 2286 2781 5430 547 4752 810 4983 5603 625 4655 8023 727 5936 4805 9264 6131 9680 7768 560 9715 3429 3246 562 0 2683 6216 8964 9983 8677 8913 4257 7347 6031 341 8522 9135 1871 5810 3063 3146 6912 3534 8748 2441 3261 7327 1614 7106 9876 1463 6314 7786 3616 7747 2890 2317 3563 4386 4417 8721 1371 8596 9690 1916 668 9492 5890 8986 5930 7604 7451 5455 5854 6511 6844 4862 5694 
7198 5490 1088 8384 2181 2329 1087 9082 8604 9237 8000 2270 2464 5319 1221 9175 9364 4068 7900 2072 9692 9082 3128 9391 1909 4386 604 5406 276 3863 8097 3196 3306 80 4540 8708 790 9627 2734 3869 3794 6203 8784 7790 471 9473 2683 0 7904 3487 1361 10000 1183 969 9091 4090 5842 9800 9457 6945 5639 3994 33 7110 4287 3471 6054 8429 4797 7860 8824 5362 9834 8019 6065 8269 3028 4843 4320 5871 6322 3274 8232 3588 1230 1492 8770 4529 2607 4105 8204 5447 5600 3103 1917 9210 2103 2031 7629 3778 
8534 2960 6460 669 1155 9636 9136 822 7461 3981 649 7647 3046 3667 1782 9144 1313 4087 9928 2179 519 338 1389 4433 4220 2791 7780 6691 3822 6070 30 8920 2580 49 4587 2335 6327 654 3728 9504 3890 7626 2627 4584 4733 1871 6216 7904 0 697 8995 9859 6887 2161 9728 618 7713 4631 5756 2871 3436 8152 8669 9131 5346 6604 2136 5445 8997 4967 9300 1936 4576 491 8211 8184 6560 6490 7543 951 2767 3593 7232 2827 5468 2577 6418 1214 2441 3431 3842 9514 1615 6 9509 7705 1269 9459 3184 4263 
257 3937 4056 7435 2986 8871 2556 4653 3016 9717 18 242 9104 8909 5337 3544 6873 9777 7550 6894 5684 4516 1332 4971 6684 2739 4046 2249 5641 5444 1778 9843 4783 7583 4373 1425 5241 9212 9146 6751 7430 1857 1401 2520 8568 402 8964 3487 697 0 8095 2995 4752 6816 6796 2649 8743 7490 6296 6769 63 6435 3839 1880 1080 7007 1153 693 7320 7451 6356 3738 4828 2040 2390 2992 1289 8245 7840 6690 6892 9779 7598 3183 4926 4429 239 6806 8801 6408 2444 7067 3410 5486 1327 3952 3720 7798 595 2085 
101 5368 2170 8299 7872 6091 1495 3230 9769 317 6569 6184 2663 1309 4201 6210 6678 6607 4723 4593 9043 6743 7088 6366 6696 1359 3390 9906 7717 3215 651 1198 8912 5514 6457 4581 3635 6541 7725 8572 2476 1568 1238 3940 4278 4125 9983 1361 8995 8095 0 5127 1123 2024 1869 5242 4704 9612 8066 701 8929 91 1974 6172 1859 1527 5232 6284 8942 4527 4102 3146 524 5353 1376 7114 2160 5396 6895 116 8450 8972 4577 6455 5059 9421 8177 3943 3485 9429 794 7322 5077 9727 475 4182 548 5576 8359 2578 
7868 9663 7831 7095 2749 8611 3480 4973 8617 6765 8313 4232 7683 7421 4117 3968 5106 115 4494 7861 607 6985 6062 3706 9442 9364 3055 4186 3381 8976 1571 9369 9130 9015 8632 4103 1760 4184 823 4026 6547 6361 8732 6300 8346 9014 8677 10000 9859 2995 5127 0 7393 2111 3303 7311 8571 1039 1592 6345 7964 429 3640 8915 2137 3324 2306 5042 1098 6657 75 4398 1032 7362 2646 7503 1035 964 434 6644 5476 1868 6941 5851 9283 8753 8858 225 804 1752 1876 4101 2778 5831 7475 7976 3864 3534 7179 3149 
6269 8028 7891 2967 7520 4469 3351 534 3424 9094 4645 3425 2328 3687 706 3491 3731 1063 2880 9682 5542 940 629 7598 8633 8883 7259 1494 6669 2597 6647 6742 1302 641 7629 4070 5160 7265 3943 728 3025 1967 8042 4827 1510 6472 8913 1183 6887 4752 1123 7393 0 5449 6105 4016 6505 2990 7853 2848 1360 9965 9848 4416 3149 9000 9798 6399 7135 4727 2879 4016 3273 5007 40 5990 6232 2496 8138 6940 6309 8216 3464 7636 8331 1665 2630 697 2501 8167 2973 476 8692 9525 9804 6163 6392 7179 8776 3225 
5701 3450 7190 2843 4568 3134 5758 3647 2750 2011 5854 4414 4438 5190 8824 62 3767 8171 7075 4745 4291 4725 6746 7631 9152 8420 6887 1904 8754 8085 6252 5887 9710 1630 6531 7065 3201 7142 6536 9517 165 5287 2992 476 7314 88 4257 969 2161 6816 2024 2111 5449 0 5945 7608 9776 4116 6428 9287 4409 2832 6432 3192 4618 9578 7114 3845 1918 1422 5524 7802 4097 9662 6298 9376 2475 9369 5695 9726 168 1016 7291 9652 371 3178 6140 9604 3843 4269 8350 5178 5173 1219 4836 646 5547 4245 7799 3210 
2695 8927 6428 29 9304 9659 9971 989 9881 9622 6611 1599 3684 5522 8260 7605 624 1321 281 2457 2989 4231 8491 6453 7132 1528 8066 8788 6173 7110 5300 6062 8237 4954 9722 976 5071 4323 2721 1772 7020 4527 249 7515 2549 4754 7347 9091 9728 6796 1869 3303 6105 5945 0 1287 8444 2733 548 7654 1153 3743 477 4223 7221 8107 4913 4598 5603 7811 4633 724 135 9477 8034 1763 6096 4972 1051 1659 6281 4727 2092 9642 2980 7814 6490 6774 9176 1151 9868 9590 6674 6514 5065 2202 2801 163 734 289 
8626 1570 1793 6498 204 1232 5657 101 4797 7511 2091 7573 6529 7015 2904 138 4753 9154 6617 3809 2278 4602 5777 3567 3552 2983 7879 3544 4106 8465 700 9355 4338 2714 6297 6799 9434 2263 2927 8908 4864 4699 5692 6945 6775 6662 6031 4090 618 2649 5242 7311 4016 7608 1287 0 5359 9216 4295 3630 1670 8393 524 7794 216 1591 2682 8668 9015 4149 9044 9788 8949 909 7247 601 3431 6316 3543 5573 7247 2171 6719 6223 5767 7414 9397 3054 5168 1539 2463 1356 1828 5695 7057 1703 665 9984 74 6911 
665 4624 7272 1846 844 9797 960 5631 3780 8037 2695 7624 2207 3746 9156 7481 1714 2932 542 1847 2844 7693 3700 1844 3713 1033 4216 721 553 46 4236 2863 1823 1428 619 5124 4070 2000 4292 6277 4635 853 6927 5851 6946 5206 341 5842 7713 8743 4704 8571 6505 9776 8444 5359 0 8654 4731 7477 6834 3632 7306 66 7294 5397 6171 3439 9634 4228 954 2854 1261 4181 3461 1311 3646 6897 4929 9606 2209 6422 7057 2035 6043 7534 6391 7809 1067 1562 1697 9756 1710 6713 4633 2740 9759 360 750 5448 
8287 6719 4616 4677 2172 512 1553 2398 9781 743 7901 1783 7593 9346 6122 3402 1669 5599 429 5576 5350 533 8314 361 7016 2177 4376 1510 3358 8504 8273 3337 6979 8322 8982 8546 4211 2786 2229 357 9568 2390 4569 6616 2808 824 8522 9800 4631 7490 9612 1039 2990 4116 2733 9216 8654 0 2592 7455 4561 2356 9145 5716 5079 1359 2938 2313 8144 7026 1961 8691 3712 8748 1609 7065 3413 8620 2860 919 8580 4200 5989 9615 6781 6244 6361 9389 7282 2345 6971 7370 5873 202 6904 1839 1573 6216 2045 3797 
8366 6474 1095 6986 1592 3174 214 3638 6827 2943 6013 4938 9850 3804 1161 5262 5949 3764 1404 7951 4892 712 5352 6043 8337 9738 3202 4150 5789 426 4353 4538 5378 4810 9346 4810 4880 3882 556 4390 8344 7078 7270 1711 8272 6738 9135 9457 5756 6296 8066 1592 7853 6428 548 4295 4731 2592 0 6500 4081 7544 6148 7364 7536 7976 7515 3826 386 9939 8966 2492 1563 3117 2761 5722 123 6760 8453 9895 2648 1905 4594 9405 8877 6001 3077 5921 9449 8467 4824 5914 8520 5710 7899 6386 2939 6817 6057 3458 
5488 1258 6844 9293 8400 1634 5482 4445 9610 4078 4215 6072 9345 279 3411 2071 1721 9180 8526 5724 7840 6443 3842 1713 1794 7513 5431 2482 2625 1867 4976 6901 6195 5514 461 6855 9941 3066 7239 1347 2609 1725 2830 5982 4173 9997 1871 6945 2871 6769 701 6345 2848 9287 7654 3630 7477 7455 6500 0 7036 9939 8922 4685 8805 8968 3388 4220 4511 4990 5727 5265 7721 7021 2221 3876 7245 9407 5937 5935 8479 6691 9134 9567 2303 9869 2746 2403 1724 4298 767 950 545 7834 7459 6509 9635 478 4312 5882 
109 5623 6680 4661 2120 6580 3507 29 6852 66 5710 9069 7087 3894 7041 6341 4156 5414 5827 1844 8673 4750 4405 8034 4604 7435 9500 7144 5909 2207 6150 2700 2403 1524 6532 8918 9252 9955 7089 7767 8408 6455 6967 930 7509 4882 5810 5639 3436 63 8929 7964 1360 4409 1153 1670 6834 4561 4081 7036 0 5182 3797 6881 5017 9078 3521 1202 4620 4122 7594 8518 1523 5703 1219 7491 9467 1869 5663 9454 993 420 8127 5705 8121 3502 5306 1609 676 3543 4839 4701 7999 8546 7611 8932 990 4507 1961 7948 
3172 3027 4625 5540 1495 2835 4936 1191 718 597 1944 462 9332 4378 6377 5228 4813 1709 5779 2158 2054 4641 5241 1283 5392 5655 4216 1662 5516 8413 8570 1620 9968 1357 6136 8961 935 209 5261 6226 777 7082 5458 570 7985 5862 3063 3994 8152 6435 91 429 9965 2832 3743 8393 3632 2356 7544 9939 5182 0 9228 369 11 2576 8478 665 3523 7694 7193 7991 7077 912 4095 6361 632 1362 184 6157 8271 528 9176 2678 6809 6277 2920 8259 2370 4481 1815 2792 6768 3053 8715 3229 3469 3531 1649 2994 
7159 753 9369 296 1164 3055 7752 401 3134 754 4333 1960 6316 1187 9559 6640 2323 8935 3247 2310 7182 9217 175 7131 9941 89 5917 6717 284 8669 4348 9612 3668 8829 9066 8925 5169 7109 3692 4008 7137 7410 8729 824 1744 6276 3146 33 8669 3839 1974 3640 9848 6432 477 524 7306 9145 6148 8922 3797 9228 0 6076 3763 777 4354 7226 1361 2357 609 1593 6210 8030 5908 1147 2841 4083 8438 4792 3709 1155 9893 2649 1424 3962 5017 5352 6200 8677 6637 450 7193 8918 8084 6457 1380 8845 3621 1035 
9541 9861 902 9750 9755 300 8248 8341 5751 9119 6720 2057 5483 1955 7739 34 3873 2977 6641 979 5002 1996 8114 6562 8114 6510 1450 7424 778 4834 1874 6964 2472 2123 1088 136 4900 966 2562 4434 3901 2219 3629 1272 1062 7897 6912 7110 9131 1880 6172 8915 4416 3192 4223 7794 66 5716 7364 4685 6881 369 6076 0 8224 197 8100 5429 7443 1164 2241 2262 7668 8661 2689 3253 5025 4624 7575 4888 2939 7416 9183 4002 7195 6717 7725 8083 3899 4137 2405 1708 9643 3126 7450 1775 974 4917 8661 7225 
4156 4607 5885 6639 5605 9161 6074 1830 3811 3183 6329 6621 4672 8660 9657 2070 5376 5223 1085 8335 9180 4420 6374 6287 9281 1472 2683 4553 8030 1375 1312 2018 3300 457 7183 7085 1506 2541 5782 8157 5656 4431 8677 9186 3497 1145 3534 4287 5346 1080 1859 2137 3149 4618 7221 216 7294 5079 7536 8805 5017 11 3763 8224 0 495 5893 9989 5230 6657 4635 3329 8566 797 8863 255 1003 9743 3517 929 5580 9834 2528 3345 9368 4566 4701 3335 6453 1667 6525 5984 5935 8832 2846 5650 1868 7376 8577 1667 
1182 8966 1581 9048 3989 684 214 1057 2842 7711 3426 9395 9324 1086 1257 7070 75 2388 9291 5361 7620 8273 2868 4672 5648 2277 631 5410 7838 2408 8677 4167 8435 3358 6087 9995 2996 278 4995 3662 4091 2427 9864 5703 6241 4074 8748 3471 6604 7007 1527 3324 9000 9578 8107 1591 5397 1359 7976 8968 9078 2576 777 197 495 0 4443 3302 4219 1174 8324 212 400 107 1274 4568 7988 7654 3783 2310 8567 358 1087 3285 9189 3832 7794 4848 9090 4383 5365 2049 3536 9013 3166 9488 7805 8005 5364 9950 
7791 7215 9210 3740 7985 643 7597 2179 6484 8610 4 7462 8713 6913 1383 5916 6688 3101 9609 4977 5304 236 1514 1321 7044 2505 7361 2240 6127 5030 4533 4591 2569 7781 4543 3404 9475 6727 4300 4494 5986 7465 1266 7286 7645 4669 2441 6054 2136 1153 5232 2306 9798 7114 4913 2682 6171 2938 7515 3388 3521 8478 4354 8100 5893 4443 0 8250 1567 9136 3854 8694 2427 5983 748 4619 9570 2357 1903 6244 6366 1030 4025 4089 1323 1900 9431 2120 1152 3388 243 5695 6687 9227 846 3042 2145 8492 6804 7652 
1084 6974 709 2626 276 1194 7494 2630 7781 1845 2366 2391 6250 6278 4504 8637 7489 9156 4742 8646 8601 2691 4749 2900 1932 7493 9794 6942 6048 8938 736 9814 6234 1498 9122 8746 931 2179 8375 7216 6761 2080 6243 4799 948 8190 3261 8429 5445 693 6284 5042 6399 3845 4598 8668 3439 2313 3826 4220 1202 665 7226 5429 9989 3302 8250 0 7387 2719 7783 2173 5002 9712 926 2164 1480 8814 9899 8665 5790 3857 835 5218 9221 7518 2163 8159 9614 7105 8240 5076 8708 6931 6102 6795 2776 4065 5859 7504 
4091 8818 5042 4667 9843 7713 8546 524 6393 4679 5361 4848 5600 8955 5479 7728 6485 5527 6197 9596 728 5769 3079 8407 2350 6322 4928 4815 8623 8424 4978 6292 9958 7512 5076 2532 7148 8792 4720 2005 3710 9627 9100 3693 2009 7488 7327 4797 8997 7320 8942 1098 7135 1918 5603 9015 9634 8144 386 4511 4620 3523 1361 7443 5230 4219 1567 7387 0 8210 2264 8293 1119 946 6472 7437 1285 459 8677 120 3150 567 9138 2330 3560 8759 3276 4331 49 713 8037 4603 4013 6256 1314 2574 7271 8637 8313 865 
497 8604 3266 7274 4901 8217 6122 1965 2042 248 9932 8970 4934 6209 1781 6511 7049 6652 4388 8308 1400 3460 2783 1996 8223 4820 4071 767 8273 3381 3109 674 6958 6738 1314 1770 265 8428 9155 5706 4319 5152 6936 8111 3810 8684 1614 7860 4967 7451 4527 6657 4727 1422 7811 4149 4228 7026 9939 4990 4122 7694 2357 1164 6657 1174 9136 2719 8210 0 2257 1537 5212 995 4283 428 382 5820 5032 6038 4592 6176 7069 774 113 5780 710 4646 5877 6630 9138 2366 2489 9945 7563 3893 4427 1568 4796 5165 
8991 1140 6041 7108 5839 5273 8123 5804 1497 9795 7892 3706 4221 7648 440 7795 9426 6010 3743 5873 4712 6300 3599 8182 6521 9580 2756 626 2485 3277 4339 7583 6757 6434 596 5176 7839 5686 3517 9057 3572 1554 3057 878 5910 9261 7106 8824 9300 6356 4102 75 2879 5524 4633 9044 954 1961 8966 5727 7594 7193 609 2241 4635 8324 3854 7783 2264 2257 0 4735 1840 8952 2295 4125 9740 4504 5974 4140 2229 3966 1942 4516 5256 6040 575 7972 7409 6968 894 193 8516 7376 7953 950 4677 9633 5719 3886 
3644 1956 6419 597 8675 4122 8090 608 1266 4957 6019 6002 2027 6633 1108 6200 4316 4186 6730 1982 7374 1588 6180 1200 3952 3476 9473 9214 5837 1466 2816 4493 1631 3385 6225 6130 6374 341 391 9521 5885 6762 587 1175 5953 6383 9876 5362 1936 3738 3146 4398 4016 7802 724 9788 2854 8691 2492 5265 8518 7991 1593 2262 3329 212 8694 2173 8293 1537 4735 0 6590 9049 8964 275 6903 7920 9861 4404 8389 413 4878 1231 7458 5865 7278 4283 2332 4687 1536 5782 2887 6221 2658 811 308 976 557 4855 
1358 5574 3316 5303 9139 6354 8871 6194 8943 5056 130 1261 3848 6022 5337 715 8925 9006 1423 3527 6548 6342 2155 3194 5512 7848 5736 1417 695 34 1427 4499 6777 5561 638 7945 3843 7598 4777 7493 6984 2023 1941 9042 6777 1004 1463 9834 4576 4828 524 1032 3273 4097 135 8949 1261 3712 1563 7721 1523 7077 6210 7668 8566 400 2427 5002 1119 5212 1840 6590 0 9853 8802 5683 190 2446 2469 189 2921 8449 2601 6900 3062 6098 929 299 9507 8294 8091 5729 7174 777 8233 8248 1422 7869 668 5091 
4494 487 918 9198 5228 5641 4118 8455 3030 3025 2633 4878 9826 3438 6301 5043 8758 8691 9445 1531 7639 5715 7247 7865 2567 3084 5395 7797 5352 4890 5665 917 8866 6451 3570 2071 9753 4509 864 3770 156 1084 5878 4558 8816 1791 6314 8019 491 2040 5353 7362 5007 9662 9477 909 4181 8748 3117 7021 5703 912 8030 8661 797 107 5983 9712 946 995 8952 9049 9853 0 4030 6494 4982 1567 9074 1679 3828 9209 2665 1201 8879 8755 2535 6726 2457 8457 6640 3326 1678 1687 8485 7414 8065 3513 3407 2288 
1896 5483 6528 5748 5022 6986 4590 1340 1415 8838 5226 7739 7890 6922 6164 428 5472 3427 2647 6401 3284 5620 3340 9748 7148 6467 8289 8612 3093 3646 1392 2897 5335 2849 7246 765 2381 5931 7332 4885 7911 8906 6345 700 9927 2379 7786 6065 8211 2390 1376 2646 40 6298 8034 7247 3461 1609 2761 2221 1219 4095 5908 2689 8863 1274 748 926 6472 4283 2295 8964 8802 4030 0 7818 3217 1682 4678 7089 1333 7456 7388 9206 6613 3670 8173 3852 2846 7300 6460 1859 5436 6121 131 1889 8713 7526 120 6505 
5214 9771 5838 8702 9585 9654 679 1794 7101 7703 259 7485 4299 8216 8852 5194 2015 2016 1318 2405 7669 1612 7168 5888 8226 8096 3553 2608 4866 1778 11 9677 942 6044 8488 9016 1164 2767 4011 9956 8624 9628 5461 6450 9987 5374 3616 8269 8184 2992 7114 7503 5990 9376 1763 601 1311 7065 5722 3876 7491 6361 1147 3253 255 4568 4619 2164 7437 428 4125 275 5683 6494 7818 0 587 2979 3487 3547 8893 6089 4649 6726 5060 7512 1257 8731 6796 4834 2300 532 4949 7316 5435 2262 3589 2822 3456 8152 
1176 7443 4084 1153 6332 2442 9194 2165 6916 7395 8995 4786 5850 4807 9813 6017 8908 3170 2945 4773 3510 2446 9728 3969 4916 9287 6754 8823 830 6554 6775 150 9301 760 4698 1838 6669 3994 7410 7891 3038 1277 3046 349 2459 8028 7747 3028 6560 1289 2160 1035 6232 2475 6096 3431 3646 3413 123 7245 9467 632 2841 5025 1003 7988 9570 1480 1285 382 9740 6903 190 4982 3217 587 0 5026 4625 3101 7749 3975 3289 7817 1370 4706 9151 5670 1450 495 583 5990 723 7153 2825 373 9206 3141 8199 894 
4476 6923 3930 983 825 6256 6639 1677 5191 9643 8470 2799 6784 9963 294 7493 9717 2582 4230 7316 1757 5285 2165 7519 1008 5798 2412 8152 5428 3974 804 7236 3708 3389 4543 5200 6234 17 5307 9250 391 9853 5206 6872 2231 1868 2890 4843 6490 8245 5396 964 2496 9369 4972 6316 6897 8620 6760 9407 1869 1362 4083 4624 9743 7654 2357 8814 459 5820 4504 7920 2446 1567 1682 2979 5026 0 3523 9752 4934 1844 6793 8893 7189 982 7137 4646 3513 7606 2127 8588 5142 7788 3583 7344 2270 8216 2168 9985 
1696 2091 8006 2677 2933 1501 4267 9043 8634 8184 4598 458 3792 5049 1051 6900 1073 3671 6027 7390 5364 1269 9540 5829 4332 1143 845 3470 2008 6116 8817 1855 5159 3612 7053 710 3116 6742 4719 1730 2846 8087 3642 5304 1544 1179 2317 4320 7543 7840 6895 434 8138 5695 1051 3543 4929 2860 8453 5937 5663 184 8438 7575 3517 3783 1903 9899 8677 5032 5974 9861 2469 9074 4678 3487 4625 3523 0 1864 2390 4832 674 8830 278 5895 1085 5622 1514 5726 9230 5398 5894 2111 807 4099 7557 1977 8573 3535 
8531 4319 527 1201 194 7305 8127 7221 3637 574 814 4344 4607 2177 6535 4556 9781 8441 8300 2683 6282 6172 4427 406 4522 2245 5879 4704 9022 9863 3182 9740 7010 8862 4287 1743 8767 6512 5316 2553 79 2980 8527 4231 1067 2157 3563 5871 951 6690 116 6644 6940 9726 1659 5573 9606 919 9895 5935 9454 6157 4792 4888 929 2310 6244 8665 120 6038 4140 4404 189 1679 7089 3547 3101 9752 1864 0 1821 2127 5992 6236 4374 2193 2579 8267 5619 7944 260 5328 9874 611 1473 301 4870 7218 2994 9995 
9077 1965 8348 513 1874 2875 8837 466 3083 8496 3853 6226 6312 1825 818 452 4990 4358 7043 9953 3659 5158 6367 6165 6230 3033 8355 4804 2459 1896 4832 6265 5175 8994 1839 1692 7699 9273 7879 186 6486 1238 8610 1116 1899 6132 4386 6322 2767 6892 8450 5476 6309 168 6281 7247 2209 8580 2648 8479 993 8271 3709 2939 5580 8567 6366 5790 3150 4592 2229 8389 2921 3828 1333 8893 7749 4934 2390 1821 0 1047 580 8390 4030 5447 3307 7130 7326 405 5689 2038 2780 2188 7420 5718 8976 6844 2396 7393 
8900 713 2459 2668 6958 1705 2513 5153 5176 8873 1685 7494 70 8935 1391 6940 4663 2741 8384 2471 4594 1635 2956 8372 4887 7884 1014 5699 3354 3781 7815 5384 5941 3254 6126 793 9496 1099 1681 6992 9196 6077 4461 5607 2820 3169 4417 3274 3593 9779 8972 1868 8216 1016 4727 2171 6422 4200 1905 6691 420 528 1155 7416 9834 358 1030 3857 567 6176 3966 413 8449 9209 7456 6089 3975 1844 4832 2127 1047 0 9707 5499 4665 5293 5113 9601 7901 4074 1407 3315 6258 5352 1683 3229 5849 241 287 8645 
