100
0 370 5449 9348 2276 1836 1393 2936 141 6314 6106 7191 1510 1230 4906 4521 7060 2939 6822 4187 2018 1082 62 31 8503 1411 9948 1204 5255 974 215 2953 5245 6696 6189 3889 6168 5644 2437 9950 8440 3261 5525 5540 2564 3470 2890 584 4977 3587 7696 4398 7817 1218 211 9375 4577 5347 6691 8581 8891 9413 1703 3205 6719 4021 6508 116 8732 1932 1097 8443 1998 29 6974 9453 1009 9525 9310 1813 9606 1774 5639 8259 8910 23 2500 6031 3444 5087 8471 8325 2445 1502 5777 3394 1699 4625 80 9922 
370 0 4623 8108 1725 7927 2344 6075 1151 2283 1395 8262 5599 1446 1380 6712 9778 1692 3672 4999 5797 7412 7335 7941 210 2609 6082 9648 1593 9333 2574 1472 298 4749 4559 1809 1185 4821 3445 8514 3566 1767 3092 3452 3542 4926 8446 6417 1926 8506 712 8586 4210 3911 8921 81 4178 5601 1818 7696 6742 4846 762 9028 546 2948 9345 4079 1794 5910 1928 6458 4047 7750 3287 3880 1067 754 3754 9805 3371 1943 5259 8853 3257 1321 1178 5017 2315 7313 5670 9097 101 6015 3372 5345 2893 4130 7137 7944 
5449 4623 0 4159 6951 2613 5000 5581 8570 1448 732 5792 4521 4285 1575 1302 4434 4889 1538 2578 990 4305 2139 211 9701 8184 2856 1936 5976 3285 7859 3428 456 4997 9180 4080 2587 7854 8580 7296 5919 2607 1811 9625 8288 7616 1407 6107 6882 4415 736 4235 7406 3638 6007 3510 1394 7018 9964 758 1022 702 1006 8364 206 8754 7739 5470 678 1488 7470 1904 1515 4407 7072 1855 1939 2055 6934 5680 9636 2485 5113 5410 6830 1819 3650 2174 4445 9326 1210 6380 4891 7747 6138 2474 4847 9131 3198 2493 
9348 8108 4159 0 1776 7479 7754 2601 2716 6860 5021 227 639 2740 7653 3441 9966 5416 4690 7336 292 2164 565 9457 4157 2992 5637 9810 7499 8584 4712 973 256 8194 950 4018 2717 6440 2121 9557 7896 8616 1889 4535 2885 5457 8219 417 6696 907 9318 2069 8888 3902 9468 6975 3138 4277 972 533 8680 3070 2192 6826 9235 3220 847 7711 880 2003 3437 8950 6774 4047 4754 2141 1938 7132 1021 7469 9688 7820 4283 7487 1173 3671 1495 6929 9920 9698 9564 3946 3391 574 7952 7213 2251 5692 8352 960 
2276 1725 6951 1776 0 9287 1416 7997 2656 3919 2249 9344 1158 9203 7265 7448 2324 7615 2660 1764 6521 3388 4 3032 2644 7628 4842 3371 2898 7590 4426 7563 1597 4150 259 8625 5512 806 1412 945 9009 1974 1152 4194 2394 8606 8523 7787 9874 185 2120 8439 9508 5152 4292 5436 5050 5685 9548 8438 9365 6093 8767 5516 1898 572 2476 6267 2217 4857 1490 2799 4460 9026 5388 3230 2691 7430 4743 7658 8238 9627 5997 2182 7217 6088 210 2289 5792 3288 7598 3259 537 1358 4622 8582 8469 2094 4778 2846 
1836 7927 2613 7479 9287 0 8147 6104 6771 7404 9584 3132 2489 2551 8482 4547 6305 9363 9146 4419 9244 9338 6679 8096 8862 4431 8375 4882 9207 2205 9794 6261 6121 4279 170 3762 4387 7418 1109 7496 2725 5908 2755 7356 8517 1619 5212 2792 2641 6575 848 7821 9063 1044 2618 2437 1281 7958 2319 3523 8467 5284 9341 6274 1677 1803 6863 87 1820 3755 9047 2901 7102 5698 7606 3592 2664 4507 961 1821 8914 7372 3576 2295 8207 7145 6945 4492 5034 42 8580 6764 788 2053 9023 1302 4968 3258 3434 6557 
1393 2344 5000 7754 1416 8147 0 1268 4465 6225 9391 5851 6637 1437 5183 5635 1870 2528 6369 5166 3184 3010 411 2721 111 3852 164 1867 3136 9210 6970 10 2600 4985 9541 9107 3226 8067 9368 3035 5315 1552 4588 9137 7586 6494 2750 1171 7003 3081 154 6305 3300 4794 4840 3913 4353 5689 7108 1365 2157 4365 7459 6678 9482 3880 47 2170 5481 4169 7349 7828 1650 19 5858 1021 6928 4727 6987 4961 1459 7871 1 1732 2041 9913 7646 7531 6001 7961 5433 2212 7454 2527 6136 7932 35 4284 5141 6662 
2936 6075 5581 2601 7997 6104 1268 0 1212 3782 1167 19 7554 3633 5123 2024 4868 5924 2256 446 8786 8027 8850 280 6943 593 2209 5574 9491 1649 2498 7025 8942 7121 6038 6657 4044 6206 4808 7728 1757 6235 3923 8805 6122 2404 489 3355 8317 3810 5875 9839 1297 6954 2952 6591 7113 2114 179 5953 3241 8335 2945 7261 6253 2829 1150 8079 9357 2798 8705 2239 4406 9672 1936 8596 5281 1991 3509 3571 8366 7625 4543 1042 1704 7252 8301 7617 4058 5510 7130 6092 2810 9797 7345 963 5112 7261 8914 102 
141 1151 8570 2716 2656 6771 4465 1212 0 8404 6809 7928 937 3312 4032 9485 8362 9756 4165 2840 6352 1227 7161 1556 9869 2189 4543 7395 8146 1647 2742 6268 6476 7547 7012 3181 7775 6502 1189 113 9895 5371 6476 7983 6652 9028 4318 5303 8707 8059 1345 6790 1073 4652 8355 5227 7848 9835 2795 9408 3171 4192 1064 8153 8034 4604 2555 9995 130 7576 1239 4832 545 3454 4119 9861 4063 7923 5265 5455 3167 8790 4456 4028 7509 9674 6864 6845 7927 7381 10000 9620 7211 4752 1484 7631 5105 9334 3608 3701 
6314 2283 1448 6860 3919 7404 6225 3782 8404 0 5418 5117 111 2435 4546 9515 7150 4254 2370 3165 7895 5796 9886 419 1750 4255 2178 9332 6786 9871 3002 4442 1271 601 3488 1413 3361 6247 2157 941 9533 9842 6348 3913 3222 5469 444 5951 2221 671 1112 900 4632 6315 9186 86 1869 7028 4685 14 1013 5497 2425 7450 5089 5610 7946 6339 4963 6609 4043 3681 9009 1341 1568 2915 3274 5578 1415 5783 1263 319 8618 6058 4477 9273 8601 3974 269 1901 7288 5497 6833 6333 676 2657 8749 6242 7279 5375 
6106 1395 732 5021 2249 9584 9391 1167 6809 5418 0 3740 8408 6271 6568 9582 2294 9566 5405 7504 6663 9732 5829 8038 1616 1949 5400 7044 2352 1762 7906 993 5851 4954 1565 2464 7075 3221 1664 3585 2295 8387 3069 3389 7221 3861 1250 6051 111 5927 5110 7403 1285 4797 483 7136 4731 7888 8472 1320 337 8409 733 8085 3067 9207 5405 2501 7946 4761 7873 1738 2919 1050 1034 9956 7194 9534 7356 8548 3750 832 3240 9119 9977 2592 7888 538 8548 6394 8887 5882 2032 7460 8773 8156 598 9033 1474 8821 
7191 8262 5792 227 9344 3132 5851 19 7928 5117 3740 0 4702 2361 8757 4832 7474 7741 1810 4674 2099 392 9147 7789 765 3349 7818 3794 9970 9902 1975 9656 1493 3647 6398 1249 3831 8089 1237 1809 7838 9134 1863 3438 7173 4962 7674 9390 9359 4916 8204 7006 7699 9553 1012 783 5808 4763 1299 3864 5133 9641 8315 7315 1303 4251 7731 4791 6646 9343 6537 511 3324 2664 9221 9662 2491 5439 1858 5630 4555 6445 1933 3661 1469 9040 996 2896 7675 2940 2754 1244 1404 57 2764 3148 6177 9546 9069 5716 
1510 5599 4521 639 1158 2489 6637 7554 937 111 8408 4702 0 1112 7885 807 9309 9067 7295 4768 2606 7566 9597 5418 956 9758 5537 8687 1984 8217 9010 867 7576 4580 1819 797 3092 52 3935 6461 5517 7022 915 6836 8884 896 7066 8975 7532 5442 2082 7055 3970 6379 2384 5313 5245 1075 5448 811 15 1022 761 8073 3575 1161 2718 3381 7988 2577 1135 2936 3248 5223 9340 5328 2503 2163 5211 4608 1946 5085 4905 618 7592 9229 2541 1269 4024 695 6168 2402 221 4523 5758 2516 2760 18 9482 9855 
1230 1446 4285 2740 9203 2551 1437 3633 3312 2435 6271 2361 1112 0 1176 5653 3457 6376 6661 8050 629 972 6650 7390 3095 8856 2505 1945 2607 4624 5322 8825 3029 3900 5129 14 411 3997 9579 732 162 9602 1949 9200 4143 4200 8868 2561 5216 4578 9225 7996 9875 3998 3103 6747 9299 9136 2840 9067 5212 5421 9863 5774 7730 6448 5488 2751 8740 9893 1643 3152 1701 9422 5320 8481 4988 1014 8094 347 3878 360 766 4402 2611 7545 1970 8016 2086 9410 467 7217 3929 98 7179 1187 9038 9212 1398 5713 
4906 1380 1575 7653 7265 8482 5183 5123 4032 4546 6568 8757 7885 1176 0 2287 2806 3728 3403 4192 7852 7739 201 4734 1479 1210 9977 4513 346 3463 8015 6616 6327 2805 5874 1450 4225 6093 4459 9254 6679 9524 5911 9097 189 9689 624 4362 3635 5914 8116 8839 599 6509 5674 1834 6982 8575 9329 9533 8675 5635 6226 4009 49 646 1105 3425 3699 790 660 727 6050 3397 9128 1110 8961 1530 276 8166 2031 1233 8285 5904 8928 1822 4359 1906 8119 8628 3064 7439 9400 5494 1820 5680 1264 6157 8679 9057 
4521 6712 1302 3441 7448 4547 5635 2024 9485 9515 9582 4832 807 5653 2287 0 2950 5712 4337 1299 2649 5203 546 8269 9601 8994 2065 7008 219 3800 9480 1367 7402 7051 4324 3013 3863 2769 5338 4266 747 5032 9800 5513 4209 7638 7375 4321 9771 8598 4701 5674 229 3388 6264 8564 6240 2087 2248 4725 7312 5733 4517 8030 8799 5190 5737 3728 6401 4729 3594 8947 6311 6020 3864 5061 8201 7978 1749 8746 3421 7880 8262 5516 4540 4449 1705 1734 6669 2789 309 3020 9052 1729 5709 4077 7415 4991 2193 7234 
7060 9778 4434 9966 2324 6305 1870 4868 8362 7150 2294 7474 9309 3457 2806 2950 0 1612 8722 527 8623 3852 2121 4137 9144 4948 224 9912 4679 8981 2885 948 431 5521 2930 7115 2281 9112 1675 9900 4593 6417 3073 6474 9315 2267 4576 9237 4240 5384 790 5573 9293 3489 9661 2499 5387 174 9413 5959 8927 2311 6743 6146 770 9897 9901 6208 4016 1295 5763 8915 6596 5423 2426 559 5570 9931 167 1289 6532 3107 1283 7169 6318 7276 2709 4088 6228 7643 930 7486 7692 5841 3539 2289 4737 6949 1506 4169 
2939 1692 4889 5416 7615 9363 2528 5924 9756 4254 9566 7741 9067 6376 3728 5712 1612 0 6649 44 4581 4646 2432 2402 4401 4186 2065 8964 3450 5663 870 4507 851 122 1867 6899 9740 5566 1630 9020 3169 229 9004 3844 871 5308 3593 1485 5363 291 6602 1082 1197 6833 4313 7309 189 768 1707 8896 7432 2427 952 801 4166 2753 8816 1330 2563 3324 9179 5572 2131 466 7408 4842 5576 4937 4066 8000 4585 8172 5673 8495 323 2141 8257 9590 2575 6623 9461 1524 7325 5919 4302 4789 954 1613 5580 6982 
6822 3672 1538 4690 2660 9146 6369 2256 4165 2370 5405 1810 7295 6661 3403 4337 8722 6649 0 3774 5041 4626 6684 7002 4628 2891 5820 9000 8037 2317 2104 798 6273 7619 9561 4167 2273 1201 6756 6433 8512 4006 7797 6326 6339 3173 4054 4315 5232 896 6609 2806 4091 1629 4168 8802 4900 8808 5601 3527 6127 6042 3200 802 1031 2770 1718 7196 7271 8083 68 7806 1768 4097 86 1840 3483 550 6717 326 1173 5458 2940 1264 762 9252 8361 8707 7577 4516 2714 9323 7072 7771 8446 612 5864 506 78 4139 
4187 4999 2578 7336 1764 4419 5166 446 2840 3165 7504 4674 4768 8050 4192 1299 527 44 3774 0 6166 7283 3419 9548 4577 1930 411 6240 4600 9397 3513 9530 8106 5512 7967 2774 769 1493 2675 2644 7328 5526 6238 9595 4553 9399 9420 1410 3812 7015 1700 4237 407 6037 564 5065 9999 1500 5831 5849 1234 2976 4556 3276 2391 1707 2935 8543 5321 1512 7037 7770 4123 4348 401 3289 9006 2703 3775 1322 9617 2009 2257 8090 8546 9906 6883 4373 8904 605 8671 8318 3521 3345 785 5086 1411 1774 5191 6752 
2018 5797 990 292 6521 9244 3184 8786 6352 7895 6663 2099 2606 629 7852 2649 8623 4581 5041 6166 0 4755 7824 215 4894 7895 2737 4463 1215 3369 9923 8656 2983 5523 3178 2152 5308 1607 8486 6928 6887 1889 4198 6566 1323 1616 4568 671 4624 4594 9217 1878 3401 4361 6655 8147 7947 5531 8599 8638 5835 122 9132 4493 6680 2875 3384 4442 8551 3993 4301 7590 8971 5380 3889 9329 7995 9972 7615 5490 1684 3680 4667 8163 4352 8483 1782 7467 3019 7648 408 5220 6598 3876 6415 3341 3594 3238 1305 829 
1082 7412 4305 2164 3388 9338 3010 8027 1227 5796 9732 392 7566 972 7739 5203 3852 4646 4626 7283 4755 0 7602 8803 6370 6203 5515 8999 3241 2690 4141 5682 6900 2254 4469 7046 4026 3776 3169 9785 8917 7485 1107 2817 7231 1581 9664 3810 4599 2339 4031 2769 160 5382 8831 4283 2684 1749 3595 6723 3661 5424 6406 4357 998 1893 8429 2059 4743 34 8074 5665 8324 9831 664 3319 2380 4103 9600 3671 6837 2534 6488 8277 9173 3346 483 1884 2534 2264 5969 8123 3845 7283 9921 6455 6144 9487 5594 3764 
62 7335 2139 565 4 6679 411 8850 7161 9886 5829 9147 9597 6650 201 546 2121 2432 6684 3419 7824 7602 0 9624 7120 9515 7412 4575 8570 3143 4686 4203 2138 5845 3832 3908 8624 529 5202 554 3942 3983 3750 157 9304 8332 7242 9571 9695 6121 2350 3055 4816 9415 7220 8184 3235 4620 3785 1612 2616 1598 8846 6957 6271 3610 4064 8857 9681 4984 3197 8154 7879 8142 385 8600 5360 5151 4876 2302 4163 776 7969 8945 4999 7330 9040 1309 1064 3773 3887 3090 4284 7346 2854 3697 4286 2626 1060 7106 
31 7941 211 9457 3032 8096 2721 280 1556 419 8038 7789 5418 7390 4734 8269 4137 2402 7002 9548 215 8803 9624 0 4639 1681 6602 4183 5674 1860 8006 1290 6505 2372 6613 3535 2660 1166 2753 2468 6936 2254 8386 6452 2841 2876 2977 9597 1357 5806 2401 8 4972 2885 812 7172 284 5369 5312 7324 3770 2148 4997 3778 3283 9438 1863 6223 3243 4546 7658 8554 5162 3334 9630 1304 9206 1096 9544 325 144 9200 7446 2468 7793 6821 8289 8811 8528 7928 3640 9772 1082 6475 3704 1904 7800 6724 2882 4170 
8503 210 9701 4157 2644 8862 111 6943 9869 1750 1616 765 956 3095 1479 9601 9144 4401 4628 4577 4894 6370 7120 4639 0 862 8612 1095 3534 6057 1615 9091 2586 9112 2029 4069 8190 4935 596 6665 4790 4211 1464 2062 4321 1580 9221 1389 8122 1198 7067 2695 6000 7959 7007 5167 5692 9594 6360 5933 9665 7842 7145 9289 1288 2734 8744 7104 7872 2124 1488 5254 3361 7785 1782 7838 8699 1359 8621 2619 4371 4217 4168 3325 4074 523 559 5283 3450 3701 6430 4549 3056 8890 5707 6516 2597 1465 293 8988 
1411 2609 8184 2992 7628 4431 3852 593 2189 4255 1949 3349 9758 8856 1210 8994 4948 4186 2891 1930 7895 6203 9515 1681 862 0 6129 1819 4541 8457 666 2613 4573 7389 2389 4603 3221 5690 4637 9602 6063 6625 2976 8473 7561 1481 302 4180 9285 9981 4528 942 6922 1090 4176 3468 955 3443 554 3941 7104 2031 8174 2524 3653 8176 5941 4723 4423 6845 9402 7323 6241 8126 9249 477 9489 8835 5892 6521 3940 5809 3580 201 1457 908 9363 6894 4974 3961 19 991 6244 4790 136 7012 9526 3837 3179 9816 
9948 6082 2856 5637 4842 8375 164 2209 4543 2178 5400 7818 5537 2505 9977 2065 224 2065 5820 411 2737 5515 7412 6602 8612 6129 0 6490 7839 2346 9552 6419 9154 114 6718 5368 6580 3572 6071 8311 8173 2795 4720 6757 6393 6024 9583 8661 137 905 1149 3453 6543 2117 7516 2616 2106 2569 4169 6134 5314 7725 3697 7990 5041 8872 5822 8623 5691 5661 9333 5381 9759 5029 6684 5070 9922 5574 3211 7452 1489 2009 1117 1252 3452 8586 8789 9151 9413 1133 8189 2997 3285 2875 4761 3949 3160 5659 5448 162 
1204 9648 1936 9810 3371 4882 1867 5574 7395 9332 7044 3794 8687 1945 4513 7008 9912 8964 9000 6240 4463 8999 4575 4183 1095 1819 6490 0 1212 7341 1201 5396 5061 5372 505 4415 7663 321 7650 5657 1103 6764 9335 1788 7616 813 9201 3194 3306 970 9965 8246 840 7776 4038 4044 1925 9242 115 8896 59 8424 366 1780 8529 5208 2157 3275 1465 4444 4200 8201 2751 4498 4060 1733 3115 3369 2080 4916 1855 61 6816 6611 8300 683 5268 1970 7315 8630 9105 9902 4807 89 7698 4548 6380 2984 6067 8520 
5255 1593 5976 7499 2898 9207 3136 9491 8146 6786 2352 9970 1984 2607 346 219 4679 3450 8037 4600 1215 3241 8570 5674 3534 4541 7839 1212 0 8675 3118 6408 6995 6849 5189 5445 305 5843 1492 6587 2591 2815 603 4188 6757 5060 3221 6351 9255 8259 7619 1629 5286 6548 9403 9815 3344 6819 1806 1175 2447 6483 8488 7562 7967 7569 6384 9009 1601 9538 7083 1368 1826 3490 9672 2265 4345 9963 3783 4851 2826 1787 204 8298 9155 2522 7673 5287 2843 2084 8149 8086 3165 3990 6939 2026 6094 1404 6872 5808 
974 9333 3285 8584 7590 2205 9210 1649 1647 9871 1762 9902 8217 4624 3463 3800 8981 5663 2317 9397 3369 2690 3143 1860 6057 8457 2346 7341 8675 0 286 1778 1508 4736 5304 560 7847 7888 4752 5008 6005 272 8789 4856 5080 1373 6568 6249 5865 9646 3257 1006 3483 1144 1437 8211 8153 8577 5934 3528 2359 1565 4501 5626 4409 1662 977 9245 5399 6108 9875 6417 2393 1364 2935 8602 4329 8956 5349 5761 3129 2328 6695 4142 6949 614 2375 8253 7815 8030 9221 6104 3967 8948 1920 9059 8790 9972 23 9411 
215 2574 7859 4712 4426 9794 6970 2498 2742 3002 7906 1975 9010 5322 8015 9480 2885 870 2104 3513 9923 4141 4686 8006 1615 666 9552 1201 3118 286 0 7754 2920 2348 7267 7630 8702 4918 7553 530 2614 4514 3335 952 6444 5998 2996 9431 6407 8941 8919 6574 3113 4413 8610 2693 2126 9163 5170 7734 8613 4411 5548 8577 7834 2770 5698 6590 1604 4697 7057 7719 1124 7788 3346 3076 6836 7432 7890 2886 7948 9233 5531 9254 7276 8357 8531 9317 5330 7575 6796 2665 8421 8368 2936 8610 6207 5285 366 5684 
2953 1472 3428 973 7563 6261 10 7025 6268 4442 993 9656 867 8825 6616 1367 948 4507 798 9530 8656 5682 4203 1290 9091 2613 6419 5396 6408 1778 7754 0 5618 2976 9535 4324 9563 9625 8749 170 2031 9713 9885 5903 6040 8285 4846 5682 9522 202 5306 343 4645 5961 5877 5885 104 1673 943 163 5712 6685 3129 8100 4222 630 4837 3485 5687 7859 986 1176 5082 3221 3928 4452 9030 4569 3564 3171 2529 7246 4838 7224 9722 9038 2647 2351 2458 8629 9285 4219 8224 5290 8778 956 549 8387 957 6993 
5245 298 456 256 1597 6121 2600 8942 6476 1271 5851 1493 7576 3029 6327 7402 431 851 6273 8106 2983 6900 2138 6505 2586 4573 9154 5061 6995 1508 2920 5618 0 7165 2207 9876 2229 3612 9116 7636 9853 6974 2598 9227 5466 4049 4427 7813 6518 8251 1546 6481 8257 5579 1945 785 4438 7476 2300 4446 5747 5784 2656 2472 318 9387 9006 9878 1003 7526 3752 3663 4386 6890 3037 4579 8994 7986 1163 7229 2694 9308 885 9750 3990 2981 9731 6177 5858 5502 7228 1204 4174 6912 3385 3858 9974 1104 323 1936 
6696 4749 4997 8194 4150 4279 4985 7121 7547 601 4954 3647 4580 3900 2805 7051 5521 122 7619 5512 5523 2254 5845 2372 9112 7389 114 5372 6849 4736 2348 2976 7165 0 3210 4994 7220 3071 8066 4884 4836 499 8366 3163 136 3147 4512 5997 8757 3835 4035 6875 1206 4190 8526 8014 6803 1933 4150 1735 768 3237 4268 4992 5457 958 142 9802 471 4487 4 5978 8460 587 4604 2980 7308 6308 5698 6670 8961 5795 865 9287 827 560 589 9087 8157 3134 302 9951 2702 5722 9704 3167 1634 9426 2986 3574 
6189 4559 9180 950 259 170 9541 6038 7012 3488 1565 6398 1819 5129 5874 4324 2930 1867 9561 7967 3178 4469 3832 6613 2029 2389 6718 505 5189 5304 7267 9535 2207 3210 0 8248 3939 638 3696 2643 979 8916 702 7194 9307 5310 7938 7902 8705 7587 4462 1040 5937 5523 9572 4537 3350 6705 405 4636 1377 3578 5271 7534 9957 4005 812 3482 1107 8012 9942 3703 3894 812 3846 3106 1437 3765 4011 1326 6149 5431 4058 4083 6373 7006 1099 9699 7089 2970 7387 9665 3128 7048 4570 2062 3443 2631 9362 5552 
3889 1809 4080 4018 8625 3762 9107 6657 3181 1413 2464 1249 797 14 1450 3013 7115 6899 4167 2774 2152 7046 3908 3535 4069 4603 5368 4415 5445 560 7630 4324 9876 4994 8248 0 2298 6792 3173 5433 8218 1333 3951 3407 7748 6443 8750 8622 3398 2092 549 2479 2961 63 6058 6855 708 6530 8213 6820 5161 4538 9422 4026 1758 6359 7487 8722 2295 7935 8822 4667 2759 7360 941 5608 4452 2603 6401 1202 5505 6277 6084 3857 5187 2257 2677 1448 3111 7067 8867 4877 1748 754 9448 2443 7756 984 7397 5529 
6168 1185 2587 2717 5512 4387 3226 4044 7775 3361 7075 3831 3092 411 4225 3863 2281 9740 2273 769 5308 4026 8624 2660 8190 3221 6580 7663 305 7847 8702 9563 2229 7220 3939 2298 0 7490 3403 5083 3547 1327 490 4202 959 2958 6414 787 3076 7315 4865 7192 2760 2512 9017 2601 9152 7858 766 9295 8064 1787 187 2437 1675 451 8098 7207 2795 8677 9930 2375 9088 7026 2144 5513 5283 1763 5709 4098 1231 4590 7014 736 1483 6685 4957 6059 9538 6453 6239 9207 3998 4033 47 1796 5151 3868 8405 8556 
5644 4821 7854 6440 806 7418 8067 6206 6502 6247 3221 8089 52 3997 6093 2769 9112 5566 1201 1493 1607 3776 529 1166 4935 5690 3572 321 5843 7888 4918 9625 3612 3071 638 6792 7490 0 3213 5910 4870 4564 7764 305 5656 1659 9548 3687 6860 5860 8724 6619 1215 2404 962 3616 7460 1194 2501 7410 9932 8573 9963 2696 9899 9694 2109 4789 4072 6664 8942 5914 8905 5293 4700 8697 5779 9713 8864 2588 445 2917 8951 5880 1536 562 8945 1593 7119 4885 2332 691 4293 8295 3294 5217 4189 1814 7349 528 
2437 3445 8580 2121 1412 1109 9368 4808 1189 2157 1664 1237 3935 9579 4459 5338 1675 1630 6756 2675 8486 3169 5202 2753 596 4637 6071 7650 1492 4752 7553 8749 9116 8066 3696 3173 3403 3213 0 5520 475 4095 3311 5775 7129 5555 9394 3115 9123 3258 219 787 9449 3560 4471 732 5561 3356 2074 1170 1073 5914 7936 9916 4249 9692 5418 78 8697 6878 2923 5575 9064 2559 4435 3565 3104 6428 97 466 8339 6482 3814 7468 4651 1818 6993 2441 6667 4030 3645 4761 635 6948 8114 6316 6995 3893 8551 1697 
9950 8514 7296 9557 945 7496 3035 7728 113 941 3585 1809 6461 732 9254 4266 9900 9020 6433 2644 6928 9785 554 2468 6665 9602 8311 5657 6587 5008 530 170 7636 4884 2643 5433 5083 5910 5520 0 7570 1394 2571 4297 9133 2762 8255 2644 9908 7626 8007 6802 5744 2110 8836 5563 3146 7770 228 7759 5573 2454 4110 907 7029 9088 7151 5976 4317 2415 5852 5179 1948 5479 164 1908 4568 2988 2575 9290 5697 5341 747 1624 4344 2667 28 170 3166 3867 4880 4582 4173 6620 9239 1694 8050 4143 7446 4678 
8440 3566 5919 7896 9009 2725 5315 1757 9895 9533 2295 7838 5517 162 6679 747 4593 3169 8512 7328 6887 8917 3942 6936 4790 6063 8173 1103 2591 6005 2614 2031 9853 4836 979 8218 3547 4870 475 7570 0 821 6620 2566 6662 867 5014 147 1502 3828 5878 2529 1602 4375 3009 3340 6812 9206 3354 5066 5004 9723 9226 5007 1906 6828 5203 5912 5681 7079 7687 7245 545 5178 5329 3279 6356 8525 8601 6942 2679 8122 5222 2264 1497 9690 2386 233 1016 7114 7462 1835 6532 1811 880 8125 5667 6776 8547 4267 
3261 1767 2607 8616 1974 5908 1552 6235 5371 9842 8387 9134 7022 9602 9524 5032 6417 229 4006 5526 1889 7485 3983 2254 4211 6625 2795 6764 2815 272 4514 9713 6974 499 8916 1333 1327 4564 4095 1394 821 0 1108 6556 5767 4547 3578 9760 3864 7316 3413 8965 9721 5427 9561 9849 6307 8486 8926 2533 38 8387 1895 224 7046 9945 8322 1392 4984 8945 3416 3024 8474 6420 5519 4592 9101 773 4417 531 7398 843 3483 4443 6612 1002 1971 9042 2139 979 9739 4739 2427 5930 5744 3297 8228 386 542 6060 
5525 3092 1811 1889 1152 2755 4588 3923 6476 6348 3069 1863 915 1949 5911 9800 3073 9004 7797 6238 4198 1107 3750 8386 1464 2976 4720 9335 603 8789 3335 9885 2598 8366 702 3951 490 7764 3311 2571 6620 1108 0 6783 9169 9667 1788 6705 4139 4557 4573 4448 9064 7319 8488 2600 9060 3526 6336 9759 1724 2661 2560 7032 7584 5691 255 4717 1944 5644 3556 3480 8085 1396 6217 3757 2737 9370 8880 3658 4919 8494 7811 3858 2980 7454 6598 9109 920 1278 6607 3882 2518 7860 8981 729 5234 8601 3518 4492 
5540 3452 9625 4535 4194 7356 9137 8805 7983 3913 3389 3438 6836 9200 9097 5513 6474 3844 6326 9595 6566 2817 157 6452 2062 8473 6757 1788 4188 4856 952 5903 9227 3163 7194 3407 4202 305 5775 4297 2566 6556 6783 0 7810 2656 5824 6973 7996 9684 4135 9422 4726 3957 192 5806 7249 9399 2096 6511 1101 3155 1905 4218 9193 2815 943 2456 2539 3704 7569 164 8695 835 4241 9944 3155 8992 1416 1572 6781 452 3008 1905 1422 4137 5432 229 6521 5330 4587 9893 1091 6481 8848 4143 5936 6069 7768 7364 
2564 3542 8288 2885 2394 8517 7586 6122 6652 3222 7221 7173 8884 4143 189 4209 9315 871 6339 4553 1323 7231 9304 2841 4321 7561 6393 7616 6757 5080 6444 6040 5466 136 9307 7748 959 5656 7129 9133 6662 5767 9169 7810 0 7815 536 3978 4401 8169 4613 4035 6091 9275 3799 7546 2588 8796 2587 6707 8018 5466 6566 5465 7711 5138 8710 4560 1070 7112 6083 4445 6436 8635 5237 1105 2285 1352 2132 3203 9886 8924 7467 5875 5402 5162 4233 2096 4871 6425 6087 7389 1561 4901 4177 1847 4021 79 7966 3704 
3470 4926 7616 5457 8606 1619 6494 2404 9028 5469 3861 4962 896 4200 9689 7638 2267 5308 3173 9399 1616 1581 8332 2876 1580 1481 6024 813 5060 1373 5998 8285 4049 3147 5310 6443 2958 1659 5555 2762 867 4547 9667 2656 7815 0 181 8300 5209 1935 4722 5744 3387 155 8953 4719 4498 6028 7529 4903 8077 8620 561 9512 137 1141 5543 7170 3132 4767 158 4769 5931 9484 3298 7449 9080 9470 5862 357 7839 4700 9692 554 6553 7957 9624 339 8712 5640 7651 9436 7441 6445 4660 6671 6518 2265 535 4150 
2890 8446 1407 8219 8523 5212 2750 489 4318 444 1250 7674 7066 8868 624 7375 4576 3593 4054 9420 4568 9664 7242 2977 9221 302 9583 9201 3221 6568 2996 4846 4427 4512 7938 8750 6414 9548 9394 8255 5014 3578 1788 5824 536 181 0 6222 8842 9458 4998 198 8222 1266 3438 2024 2080 264 1990 1602 3149 7128 8411 7217 2726 1768 268 6335 4736 6371 4785 7218 8939 6115 305 6064 7052 6248 8410 5301 7377 7688 1956 9272 3760 5823 8533 3150 898 1603 6851 8212 4934 8932 8264 406 9008 4661 3366 4336 
584 6417 6107 417 7787 2792 1171 3355 5303 5951 6051 9390 8975 2561 4362 4321 9237 1485 4315 1410 671 3810 9571 9597 1389 4180 8661 3194 6351 6249 9431 5682 7813 5997 7902 8622 787 3687 3115 2644 147 9760 6705 6973 3978 8300 6222 0 4854 6755 9886 4461 7440 5787 2892 7702 2004 338 9126 6600 3751 5219 1912 7211 9800 1488 8912 888 9777 7154 2466 4121 4249 9679 9262 8894 8247 4536 2871 6176 2085 7393 9012 8263 3532 1929 9963 8419 9598 7759 9125 9151 7787 6588 1209 413 3269 5582 8281 2697 
4977 1926 6882 6696 9874 2641 7003 8317 8707 2221 111 9359 7532 5216 3635 9771 4240 5363 5232 3812 4624 4599 9695 1357 8122 9285 137 3306 9255 5865 6407 9522 6518 8757 8705 3398 3076 6860 9123 9908 1502 3864 4139 7996 4401 5209 8842 4854 0 6004 1327 8301 5057 3305 77 2929 9048 7010 1148 293 576 9831 4221 9534 6048 7308 1110 6232 7258 4645 7019 1926 4031 2043 1566 6069 8589 9949 274 6119 2869 5533 607 4280 7326 1239 2256 8494 8598 5736 7792 8404 6367 6816 2679 4452 6240 8643 5295 644 
3587 8506 4415 907 185 6575 3081 3810 8059 671 5927 4916 5442 4578 5914 8598 5384 291 896 7015 4594 2339 6121 5806 1198 9981 905 970 8259 9646 8941 202 8251 3835 7587 2092 7315 5860 3258 7626 3828 7316 4557 9684 8169 1935 9458 6755 6004 0 2955 7019 8422 2428 2129 1007 7385 9229 3468 611 7649 1469 3344 6074 5083 2428 407 4160 1328 5153 2818 7707 7089 5104 4228 9690 6429 6961 6737 2945 4967 9800 8546 2828 9704 3814 8483 420 5628 3335 939 7076 3353 2622 926 7402 7729 7559 7510 1250 
7696 712 736 9318 2120 848 154 5875 1345 1112 5110 8204 2082 9225 8116 4701 790 6602 6609 1700 9217 4031 2350 2401 7067 4528 1149 9965 7619 3257 8919 5306 1546 4035 4462 549 4865 8724 219 8007 5878 3413 4573 4135 4613 4722 4998 9886 1327 2955 0 1528 6745 5910 1656 4860 1430 4775 917 9730 9694 5896 3805 9763 4888 2465 7575 5821 5804 3407 6809 1176 7442 2125 6891 1166 6865 3205 1443 8553 452 6212 224 2366 2461 2892 8001 3746 3821 5521 2861 9230 8558 7862 5132 1571 7410 8558 767 6084 
4398 8586 4235 2069 8439 7821 6305 9839 6790 900 7403 7006 7055 7996 8839 5674 5573 1082 2806 4237 1878 2769 3055 8 2695 942 3453 8246 1629 1006 6574 343 6481 6875 1040 2479 7192 6619 787 6802 2529 8965 4448 9422 4035 5744 198 4461 8301 7019 1528 0 6249 6246 7833 2093 8352 6281 8238 6749 3713 209 3008 5231 4554 7131 4642 2730 8213 5182 9322 8907 5378 6338 2909 2429 5997 4319 1085 6230 2693 7752 456 3689 609 3886 6133 8774 8873 9626 738 2282 2862 2050 3688 2436 2174 7845 917 6569 
7817 4210 7406 8888 9508 9063 3300 1297 1073 4632 1285 7699 3970 9875 599 229 9293 1197 4091 407 3401 160 4816 4972 6000 6922 6543 840 5286 3483 3113 4645 8257 1206 5937 2961 2760 1215 9449 5744 1602 9721 9064 4726 6091 3387 8222 7440 5057 8422 6745 6249 0 9525 9643 1988 9063 5119 9703 4014 9715 7514 2965 9852 1005 9733 4896 843 493 3335 1827 9051 8321 6367 14 509 1636 6539 4147 5410 4377 5036 5427 9423 1983 9479 6197 9140 2206 6 1898 1076 7241 8156 6157 9675 3491 5664 9658 6892 
1218 3911 3638 3902 5152 1044 4794 6954 4652 6315 4797 9553 6379 3998 6509 3388 3489 6833 1629 6037 4361 5382 9415 2885 7959 1090 2117 7776 6548 1144 4413 5961 5579 4190 5523 63 2512 2404 3560 2110 4375 5427 7319 3957 9275 155 1266 5787 3305 2428 5910 6246 9525 0 4594 1293 2297 4003 8386 5458 6703 3595 1 3105 9677 9699 2948 199 6465 9284 128 1328 5069 8144 5099 6346 8926 5819 7041 2330 7454 85 4843 1771 3833 759 7352 4610 7493 707 6619 829 5852 4692 6726 9198 9560 2648 6782 2762 
211 8921 6007 9468 4292 2618 4840 2952 8355 9186 483 1012 2384 3103 5674 6264 9661 4313 4168 564 6655 8831 7220 812 7007 4176 7516 4038 9403 1437 8610 5877 1945 8526 9572 6058 9017 962 4471 8836 3009 9561 8488 192 3799 8953 3438 2892 77 2129 1656 7833 9643 4594 0 9971 6728 5369 9351 4842 8929 3345 2602 5153 6000 1129 8549 3307 8350 1556 9606 5577 3026 1691 6517 4018 4840 6205 6403 5294 5249 5887 782 1621 4669 245 3135 8414 2980 7066 3370 1110 7510 8473 985 955 5005 2336 9606 5797 
9375 81 3510 6975 5436 2437 3913 6591 5227 86 7136 783 5313 6747 1834 8564 2499 7309 8802 5065 8147 4283 8184 7172 5167 3468 2616 4044 9815 8211 2693 5885 785 8014 4537 6855 2601 3616 732 5563 3340 9849 2600 5806 7546 4719 2024 7702 2929 1007 4860 2093 1988 1293 9971 0 3075 8573 4747 3637 801 8678 5106 8439 9171 4658 5815 4834 7020 5442 2859 1608 3195 5185 168 5702 4257 340 5188 2608 5770 1687 9665 4275 8183 9539 9760 3430 2036 9346 2810 527 4585 3860 7710 5822 8548 5088 2531 9372 
4577 4178 1394 3138 5050 1281 4353 7113 7848 1869 4731 5808 5245 9299 6982 6240 5387 189 4900 9999 7947 2684 3235 284 5692 955 2106 1925 3344 8153 2126 104 4438 6803 3350 708 9152 7460 5561 3146 6812 6307 9060 7249 2588 4498 2080 2004 9048 7385 1430 8352 9063 2297 6728 3075 0 3187 8114 7991 8285 8845 4604 5708 8351 4784 5883 4948 5533 4081 2493 8453 9564 8130 8198 700 2710 1337 9611 2938 3191 6773 5103 3035 2017 6819 7149 2871 683 7198 4725 3985 6710 6070 1504 3443 8651 9473 6973 6842 
5347 5601 7018 4277 5685 7958 5689 2114 9835 7028 7888 4763 1075 9136 8575 2087 174 768 8808 1500 5531 1749 4620 5369 9594 3443 2569 9242 6819 8577 9163 1673 7476 1933 6705 6530 7858 1194 3356 7770 9206 8486 3526 9399 8796 6028 264 338 7010 9229 4775 6281 5119 4003 5369 8573 3187 0 8866 2187 9613 7353 1008 5641 7051 8554 8898 633 1685 2759 5246 7309 1343 3617 5321 4749 9036 7836 8512 1357 9436 6218 6441 8191 4798 6321 9898 4782 2791 5213 405 1416 2370 3923 1331 2785 850 6306 9118 5477 
6691 1818 9964 972 9548 2319 7108 179 2795 4685 8472 1299 5448 2840 9329 2248 9413 1707 5601 5831 8599 3595 3785 5312 6360 554 4169 115 1806 5934 5170 943 2300 4150 405 8213 766 2501 2074 228 3354 8926 6336 2096 2587 7529 1990 9126 1148 3468 917 8238 9703 8386 9351 4747 8114 8866 0 6004 4773 4820 450 2340 3381 5560 6275 5219 8960 2425 4213 6145 6799 9752 7098 9013 7573 1809 7479 4684 9338 54 1884 1654 4231 4284 6950 9796 4789 2827 8670 3672 6572 1907 4965 5442 7641 776 9291 2621 
8581 7696 758 533 8438 3523 1365 5953 9408 14 1320 3864 811 9067 9533 4725 5959 8896 3527 5849 8638 6723 1612 7324 5933 3941 6134 8896 1175 3528 7734 163 4446 1735 4636 6820 9295 7410 1170 7759 5066 2533 9759 6511 6707 4903 1602 6600 293 611 9730 6749 4014 5458 4842 3637 7991 2187 6004 0 1870 6485 2825 5536 2176 4375 865 8705 7223 2685 8416 2444 242 3694 3333 8964 617 4150 1871 5547 860 7216 5815 9365 8483 4061 7367 6608 6887 7802 9434 3328 8221 9834 4408 6628 8883 9166 7475 1004 
8891 6742 1022 8680 9365 8467 2157 3241 3171 1013 337 5133 15 5212 8675 7312 8927 7432 6127 1234 5835 3661 2616 3770 9665 7104 5314 59 2447 2359 8613 5712 5747 768 1377 5161 8064 9932 1073 5573 5004 38 1724 1101 8018 8077 3149 3751 576 7649 9694 3713 9715 6703 8929 801 8285 9613 4773 1870 0 6921 4473 1389 7089 9030 5419 2893 7083 8123 4710 1944 10000 7232 9632 1747 1279 6464 2759 1617 1501 7893 6350 7185 6048 7497 226 8418 3826 2833 3572 1728 8593 2192 941 2642 3677 3849 3460 8228 
9413 4846 702 3070 6093 5284 4365 8335 4192 5497 8409 9641 1022 5421 5635 5733 2311 2427 6042 2976 122 5424 1598 2148 7842 2031 7725 8424 6483 1565 4411 6685 5784 3237 3578 4538 1787 8573 5914 2454 9723 8387 2661 3155 5466 8620 7128 5219 9831 1469 5896 209 7514 3595 3345 8678 8845 7353 4820 6485 6921 0 8661 6713 7577 5221 2332 5871 7970 8169 7414 8176 1855 5060 6606 8084 3714 1214 7951 3978 5029 8551 8748 5146 1420 8021 8067 8539 3681 5974 4730 6492 8639 9819 5074 7852 5145 9860 3351 8057 
1703 762 1006 2192 8767 9341 7459 2945 1064 2425 733 8315 761 9863 6226 4517 6743 952 3200 4556 9132 6406 8846 4997 7145 8174 3697 366 8488 4501 5548 3129 2656 4268 5271 9422 187 9963 7936 4110 9226 1895 2560 1905 6566 561 8411 1912 4221 3344 3805 3008 2965 1 2602 5106 4604 1008 450 2825 4473 8661 0 1672 980 7511 1211 4394 5956 5914 5613 452 3143 1614 7364 6219 6394 709 838 7861 683 3737 8222 965 3964 532 9141 8623 496 8434 2740 373 2718 5169 8282 3013 3529 5474 4660 8904 
3205 9028 8364 6826 5516 6274 6678 7261 8153 7450 8085 7315 8073 5774 4009 8030 6146 801 802 3276 4493 4357 6957 3778 9289 2524 7990 1780 7562 5626 8577 8100 2472 4992 7534 4026 2437 2696 9916 907 5007 224 7032 4218 5465 9512 7217 7211 9534 6074 9763 5231 9852 3105 5153 8439 5708 5641 2340 5536 1389 6713 1672 0 8371 4029 3506 8491 7780 8798 1018 9780 6025 9162 3538 5104 9603 7964 7512 4582 5958 9254 7374 6896 3625 1404 36 4422 9178 6880 8676 9089 1676 5068 6730 6126 7085 8602 8542 2451 
6719 546 206 9235 1898 1677 9482 6253 8034 5089 3067 1303 3575 7730 49 8799 770 4166 1031 2391 6680 998 6271 3283 1288 3653 5041 8529 7967 4409 7834 4222 318 5457 9957 1758 1675 9899 4249 7029 1906 7046 7584 9193 7711 137 2726 9800 6048 5083 4888 4554 1005 9677 6000 9171 8351 7051 3381 2176 7089 7577 980 8371 0 3223 7016 9493 1719 8041 6114 8486 3124 2307 4628 7323 2538 8863 9604 9209 7038 4478 973 5432 8715 7273 6443 6885 4274 7157 4056 8970 4487 4580 9408 9020 5276 6611 931 9303 
4021 2948 8754 3220 572 1803 3880 2829 4604 5610 9207 4251 1161 6448 646 5190 9897 2753 2770 1707 2875 1893 3610 9438 2734 8176 8872 5208 7569 1662 2770 630 9387 958 4005 6359 451 9694 9692 9088 6828 9945 5691 2815 5138 1141 1768 1488 7308 2428 2465 7131 9733 9699 1129 4658 4784 8554 5560 4375 9030 5221 7511 4029 3223 0 4510 3729 4742 3027 3063 5955 8784 4362 3185 8423 4898 9829 1691 8109 6462 9896 4166 7881 2046 2623 9427 976 1125 8176 3921 4661 8634 5162 5980 5886 4957 6890 8160 2654 
6508 9345 7739 847 2476 6863 47 1150 2555 7946 5405 7731 2718 5488 1105 5737 9901 8816 1718 2935 3384 8429 4064 1863 8744 5941 5822 2157 6384 977 5698 4837 9006 142 812 7487 8098 2109 5418 7151 5203 8322 255 943 8710 5543 268 8912 1110 407 7575 4642 4896 2948 8549 5815 5883 8898 6275 865 5419 2332 1211 3506 7016 4510 0 2407 7662 2042 3045 91 8668 5717 2873 7 3689 4268 7340 4362 4939 875 5082 2329 7559 9042 7712 4722 1113 2433 8306 2244 8311 4048 7169 2115 2815 1216 6820 2180 
116 4079 5470 7711 6267 87 2170 8079 9995 6339 2501 4791 3381 2751 3425 3728 6208 1330 7196 8543 4442 2059 8857 6223 7104 4723 8623 3275 9009 9245 6590 3485 9878 9802 3482 8722 7207 4789 78 5976 5912 1392 4717 2456 4560 7170 6335 888 6232 4160 5821 2730 843 199 3307 4834 4948 633 5219 8705 2893 5871 4394 8491 9493 3729 2407 0 7575 6860 694 9535 9958 3301 9787 3446 7459 1534 9186 4076 8403 356 829 9460 1971 5600 8273 7893 61 7628 9509 933 6000 5396 4611 2984 2488 6565 712 571 
8732 1794 678 880 2217 1820 5481 9357 130 4963 7946 6646 7988 8740 3699 6401 4016 2563 7271 5321 8551 4743 9681 3243 7872 4423 5691 1465 1601 5399 1604 5687 1003 471 1107 2295 2795 4072 8697 4317 5681 4984 1944 2539 1070 3132 4736 9777 7258 1328 5804 8213 493 6465 8350 7020 5533 1685 8960 7223 7083 7970 5956 7780 1719 4742 7662 7575 0 1992 4657 9224 4583 9094 2762 4096 666 6628 3824 3021 3147 9112 4550 3089 8501 8302 9593 1423 9111 9266 4055 6368 8951 2737 8167 7476 216 5955 1999 287 
1932 5910 1488 2003 4857 3755 4169 2798 7576 6609 4761 9343 2577 9893 790 4729 1295 3324 8083 1512 3993 34 4984 4546 2124 6845 5661 4444 9538 6108 4697 7859 7526 4487 8012 7935 8677 6664 6878 2415 7079 8945 5644 3704 7112 4767 6371 7154 4645 5153 3407 5182 3335 9284 1556 5442 4081 2759 2425 2685 8123 8169 5914 8798 8041 3027 2042 6860 1992 0 3396 1469 5790 953 3011 9407 4593 8140 9784 7404 3302 3307 22 9012 6966 8964 7765 4249 3492 9597 7185 1657 4669 8325 4194 1807 6850 497 8043 1915 
1097 1928 7470 3437 1490 9047 7349 8705 1239 4043 7873 6537 1135 1643 660 3594 5763 9179 68 7037 4301 8074 3197 7658 1488 9402 9333 4200 7083 9875 7057 986 3752 4 9942 8822 9930 8942 2923 5852 7687 3416 3556 7569 6083 158 4785 2466 7019 2818 6809 9322 1827 128 9606 2859 2493 5246 4213 8416 4710 7414 5613 1018 6114 3063 3045 694 4657 3396 0 7622 9805 7689 836 9302 2808 2722 290 1377 3037 3413 619 8514 1963 6936 3277 8262 2131 6290 6998 8195 6920 7074 8848 9233 9569 5835 4268 9368 
8443 6458 1904 8950 2799 2901 7828 2239 4832 3681 1738 511 2936 3152 727 8947 8915 5572 7806 7770 7590 5665 8154 8554 5254 7323 5381 8201 1368 6417 7719 1176 3663 5978 3703 4667 2375 5914 5575 5179 7245 3024 3480 164 4445 4769 7218 4121 1926 7707 1176 8907 9051 1328 5577 1608 8453 7309 6145 2444 1944 8176 452 9780 8486 5955 91 9535 9224 1469 7622 0 5935 9428 60 2944 10000 8010 251 9055 9410 7288 5321 3413 8599 9750 3216 9268 4042 9833 6911 7441 5598 7245 6672 169 4760 7130 608 8702 
1998 4047 1515 6774 4460 7102 1650 4406 545 9009 2919 3324 3248 1701 6050 6311 6596 2131 1768 4123 8971 8324 7879 5162 3361 6241 9759 2751 1826 2393 1124 5082 4386 8460 3894 2759 9088 8905 9064 1948 545 8474 8085 8695 6436 5931 8939 4249 4031 7089 7442 5378 8321 5069 3026 3195 9564 1343 6799 242 10000 1855 3143 6025 3124 8784 8668 9958 4583 5790 9805 5935 0 1374 6849 2736 375 4429 753 9210 6076 5231 6179 242 5158 1703 2227 9528 2165 169 4533 4348 2521 4577 5789 1308 2458 1484 3895 3215 
29 7750 4407 4047 9026 5698 19 9672 3454 1341 1050 2664 5223 9422 3397 6020 5423 466 4097 4348 5380 9831 8142 3334 7785 8126 5029 4498 3490 1364 7788 3221 6890 587 812 7360 7026 5293 2559 5479 5178 6420 1396 835 8635 9484 6115 9679 2043 5104 2125 6338 6367 8144 1691 5185 8130 3617 9752 3694 7232 5060 1614 9162 2307 4362 5717 3301 9094 953 7689 9428 1374 0 5789 450 3224 3055 4793 5279 1858 706 4949 6042 3886 1746 6532 9087 295 3022 3904 1046 124 7656 3259 9957 1014 3079 1439 1868 
6974 3287 7072 4754 5388 7606 5858 1936 4119 1568 1034 9221 9340 5320 9128 3864 2426 7408 86 401 3889 664 385 9630 1782 9249 6684 4060 9672 2935 3346 3928 3037 4604 3846 941 2144 4700 4435 164 5329 5519 6217 4241 5237 3298 305 9262 1566 4228 6891 2909 14 5099 6517 168 8198 5321 7098 3333 9632 6606 7364 3538 4628 3185 2873 9787 2762 3011 836 60 6849 5789 0 6833 5968 905 1043 2103 1426 9725 6700 8350 2361 7323 6008 5145 302 8907 6234 7985 5921 9801 2421 4002 417 9449 8919 1554 
9453 3880 1855 2141 3230 3592 1021 8596 9861 2915 9956 9662 5328 8481 1110 5061 559 4842 1840 3289 9329 3319 8600 1304 7838 477 5070 1733 2265 8602 3076 4452 4579 2980 3106 5608 5513 8697 3565 1908 3279 4592 3757 9944 1105 7449 6064 8894 6069 9690 1166 2429 509 6346 4018 5702 700 4749 9013 8964 1747 8084 6219 5104 7323 8423 7 3446 4096 9407 9302 2944 2736 450 6833 0 6268 7997 3629 7790 3264 2497 1910 5748 4429 9108 4571 2144 492 6484 7955 3034 8353 2592 9304 493 6112 5750 8835 5925 
1009 1067 1939 1938 2691 2664 6928 5281 4063 3274 7194 2491 2503 4988 8961 8201 5570 5576 3483 9006 7995 2380 5360 9206 8699 9489 9922 3115 4345 4329 6836 9030 8994 7308 1437 4452 5283 5779 3104 4568 6356 9101 2737 3155 2285 9080 7052 8247 8589 6429 6865 5997 1636 8926 4840 4257 2710 9036 7573 617 1279 3714 6394 9603 2538 4898 3689 7459 666 4593 2808 10000 375 3224 5968 6268 0 3175 5835 5098 6326 5515 5800 5179 4676 8533 4663 9798 1842 9411 6131 5730 5491 8281 4878 760 9872 7608 5507 7589 
9525 754 2055 7132 7430 4507 4727 1991 7923 5578 9534 5439 2163 1014 1530 7978 9931 4937 550 2703 9972 4103 5151 1096 1359 8835 5574 3369 9963 8956 7432 4569 7986 6308 3765 2603 1763 9713 6428 2988 8525 773 9370 8992 1352 9470 6248 4536 9949 6961 3205 4319 6539 5819 6205 340 1337 7836 1809 4150 6464 1214 709 7964 8863 9829 4268 1534 6628 8140 2722 8010 4429 3055 905 7997 3175 0 6827 1642 3396 7348 183 1693 9464 752 9042 8368 8220 3722 6905 98 9057 6214 4009 1380 3648 6499 7242 936 
9310 3754 6934 1021 4743 961 6987 3509 5265 1415 7356 1858 5211 8094 276 1749 167 4066 6717 3775 7615 9600 4876 9544 8621 5892 3211 2080 3783 5349 7890 3564 1163 5698 4011 6401 5709 8864 97 2575 8601 4417 8880 1416 2132 5862 8410 2871 274 6737 1443 1085 4147 7041 6403 5188 9611 8512 7479 1871 2759 7951 838 7512 9604 1691 7340 9186 3824 9784 290 251 753 4793 1043 3629 5835 6827 0 6651 2301 3661 8993 7309 9532 245 3277 8789 8849 4298 2918 354 6724 271 1525 3063 1293 2146 1200 7329 
1813 9805 5680 7469 7658 1821 4961 3571 5455 5783 8548 5630 4608 347 8166 8746 1289 8000 326 1322 5490 3671 2302 325 2619 6521 7452 4916 4851 5761 2886 3171 7229 6670 1326 1202 4098 2588 466 9290 6942 531 3658 1572 3203 357 5301 6176 6119 2945 8553 6230 5410 2330 5294 2608 2938 1357 4684 5547 1617 3978 7861 4582 9209 8109 4362 4076 3021 7404 1377 9055 9210 5279 2103 7790 5098 1642 6651 0 2873 6956 9235 8407 4392 9664 2039 58 5127 1859 4926 7389 5584 6446 5125 8821 5245 4334 2540 3339 
9606 3371 9636 9688 8238 8914 1459 8366 3167 1263 3750 4555 1946 3878 2031 3421 6532 4585 1173 9617 1684 6837 4163 144 4371 3940 1489 1855 2826 3129 7948 2529 2694 8961 6149 5505 1231 445 8339 5697 2679 7398 4919 6781 9886 7839 7377 2085 2869 4967 452 2693 4377 7454 5249 5770 3191 9436 9338 860 1501 5029 683 5958 7038 6462 4939 8403 3147 3302 3037 9410 6076 1858 1426 3264 6326 3396 2301 2873 0 8106 3397 3547 9387 2301 5478 6178 9132 7956 8827 2991 2630 7978 6192 5286 5332 4847 6436 7702 
1774 1943 2485 7820 9627 7372 7871 7625 8790 319 832 6445 5085 360 1233 7880 3107 8172 5458 2009 3680 2534 776 9200 4217 5809 2009 61 1787 2328 9233 7246 9308 5795 5431 6277 4590 2917 6482 5341 8122 843 8494 452 8924 4700 7688 7393 5533 9800 6212 7752 5036 85 5887 1687 6773 6218 54 7216 7893 8551 3737 9254 4478 9896 875 356 9112 3307 3413 7288 5231 706 9725 2497 5515 7348 3661 6956 8106 0 760 7925 3102 2985 257 387 9312 2410 5212 4442 6474 1183 68 5135 5129 767 2882 3339 
